2.93255028558e+12	2.93255028558e+12	2.25473492977e+14	2.25473492977e+14	1.39462310881e+16	1.39462310881e+16	2.34913058347e+16	2.34913058347e+16	9.12837942576e+15	9.12837942576e+15	
3.07626807303e+12	3.07626807303e+12	2.58570369186e+14	2.58570369186e+14	1.65637567707e+16	1.65637567707e+16	2.77674380491e+16	2.77674380491e+16	1.07855676468e+16	1.07855676468e+16	
3.2352229475e+12	3.2352229475e+12	2.98536862863e+14	2.98536862863e+14	1.971705327e+16	1.971705327e+16	3.29188786554e+16	3.29188786554e+16	1.27819920258e+16	1.27819920258e+16	
3.48600785396e+12	3.48600785396e+12	3.4667602843e+14	3.4667602843e+14	2.35148531143e+16	2.35148531143e+16	3.91241003072e+16	3.91241003072e+16	1.5186843705e+16	1.5186843705e+16	
3.77486896579e+12	3.77486896579e+12	4.04803108276e+14	4.04803108276e+14	2.8088803213e+16	2.8088803213e+16	4.65979530961e+16	4.65979530961e+16	1.80833107082e+16	1.80833107082e+16	
4.20909449905e+12	4.20909449905e+12	4.74861161502e+14	4.74861161502e+14	3.35972004644e+16	3.35972004644e+16	5.55985284442e+16	5.55985284442e+16	2.15715698491e+16	2.15715698491e+16	
4.58960331333e+12	4.58960331333e+12	5.59127015833e+14	5.59127015833e+14	4.02289108021e+16	4.02289108021e+16	6.64365026015e+16	6.64365026015e+16	2.57718924467e+16	2.57718924467e+16	
5.20398289256e+12	5.20398289256e+12	6.60817725079e+14	6.60817725079e+14	4.82144312625e+16	4.82144312625e+16	7.94845035355e+16	7.94845035355e+16	3.08287338729e+16	3.08287338729e+16	
5.92639558767e+12	5.92639558767e+12	7.82991440287e+14	7.82991440287e+14	5.78248995294e+16	5.78248995294e+16	9.5189436594e+16	9.5189436594e+16	3.69152591403e+16	3.69152591403e+16	
6.68483811256e+12	6.68483811256e+12	9.30150428173e+14	9.30150428173e+14	6.93884570544e+16	6.93884570544e+16	1.14085318333e+17	1.14085318333e+17	4.42384960412e+16	4.42384960412e+16	
7.73054897177e+12	7.73054897177e+12	1.10734054555e+15	1.10734054555e+15	8.32930248543e+16	8.32930248543e+16	1.36808980135e+17	1.36808980135e+17	5.30452762552e+16	5.30452762552e+16	
8.88219798385e+12	8.88219798385e+12	1.31997211817e+15	1.31997211817e+15	1.00001982745e+17	1.00001982745e+17	1.6411647875e+17	1.6411647875e+17	6.36285211401e+16	6.36285211401e+16	
1.02549804301e+13	1.02549804301e+13	1.5755056194e+15	1.5755056194e+15	1.20063721646e+17	1.20063721646e+17	1.96897814343e+17	1.96897814343e+17	7.6333150065e+16	7.6333150065e+16	
1.22287733266e+13	1.22287733266e+13	1.88149782289e+15	1.88149782289e+15	1.44107201825e+17	1.44107201825e+17	2.36190776262e+17	2.36190776262e+17	9.15614623112e+16	9.15614623112e+16	
1.41320897574e+13	1.41320897574e+13	2.2478699929e+15	2.2478699929e+15	1.72862551686e+17	1.72862551686e+17	2.83187346116e+17	2.83187346116e+17	1.09775006826e+17	1.09775006826e+17	
1.69747300805e+13	1.69747300805e+13	2.68425757003e+15	2.68425757003e+15	2.07152140509e+17	2.07152140509e+17	3.39220277853e+17	3.39220277853e+17	1.31490975384e+17	1.31490975384e+17	
1.96916922554e+13	1.96916922554e+13	3.20250773458e+15	3.20250773458e+15	2.47847196755e+17	2.47847196755e+17	4.05729457752e+17	4.05729457752e+17	1.57267367447e+17	1.57267367447e+17	
2.30118880219e+13	2.30118880219e+13	3.81343371641e+15	3.81343371641e+15	2.95848259439e+17	2.95848259439e+17	4.84174256348e+17	4.84174256348e+17	1.87669485268e+17	1.87669485268e+17	
2.7066821333e+13	2.7066821333e+13	4.52880925362e+15	4.52880925362e+15	3.51965609516e+17	3.51965609516e+17	5.75874300918e+17	5.75874300918e+17	2.23208577797e+17	2.23208577797e+17	
3.22460324222e+13	3.22460324222e+13	5.35342950385e+15	5.35342950385e+15	4.16743019557e+17	4.16743019557e+17	6.81740379867e+17	6.81740379867e+17	2.64237745163e+17	2.64237745163e+17	
3.73612069774e+13	3.73612069774e+13	6.28993712103e+15	6.28993712103e+15	4.90264940938e+17	4.90264940938e+17	8.01899788174e+17	8.01899788174e+17	3.10806611715e+17	3.10806611715e+17	
4.33158473611e+13	4.33158473611e+13	7.32842046714e+15	7.32842046714e+15	5.71836569004e+17	5.71836569004e+17	9.35216441764e+17	9.35216441764e+17	3.62475617685e+17	3.62475617685e+17	
4.93450239121e+13	4.93450239121e+13	8.44762769212e+15	8.44762769212e+15	6.59723149775e+17	6.59723149775e+17	1.0788476367e+18	1.0788476367e+18	4.18140479814e+17	4.18140479814e+17	
5.55235282008e+13	5.55235282008e+13	9.6120286928e+15	9.6120286928e+15	7.50987552362e+17	7.50987552362e+17	1.22802152772e+18	1.22802152772e+18	4.75955463219e+17	4.75955463219e+17	
6.20744639979e+13	6.20744639979e+13	1.07682481467e+16	1.07682481467e+16	8.41761343814e+17	8.41761343814e+17	1.37638083891e+18	1.37638083891e+18	5.33453482068e+17	5.33453482068e+17	
6.74769783307e+13	6.74769783307e+13	1.18645691071e+16	1.18645691071e+16	9.27748516984e+17	9.27748516984e+17	1.51693011817e+18	1.51693011817e+18	5.87927059997e+17	5.87927059997e+17	
7.36544038231e+13	7.36544038231e+13	1.28536541128e+16	1.28536541128e+16	1.00515472911e+18	1.00515472911e+18	1.64347379057e+18	1.64347379057e+18	6.36971239214e+17	6.36971239214e+17	
7.7573514629e+13	7.7573514629e+13	1.37011160932e+16	1.37011160932e+16	1.07142656522e+18	1.07142656522e+18	1.75185069298e+18	1.75185069298e+18	6.78975589627e+17	6.78975589627e+17	
8.17698545467e+13	8.17698545467e+13	1.43970709007e+16	1.43970709007e+16	1.12562801912e+18	1.12562801912e+18	1.84052345764e+18	1.84052345764e+18	7.1334455362e+17	7.1334455362e+17	
8.45551594553e+13	8.45551594553e+13	1.49480486522e+16	1.49480486522e+16	1.16825219622e+18	1.16825219622e+18	1.91030703687e+18	1.91030703687e+18	7.40394336551e+17	7.40394336551e+17	
8.72547818221e+13	8.72547818221e+13	1.53734620183e+16	1.53734620183e+16	1.20074269243e+18	1.20074269243e+18	1.96357982702e+18	1.96357982702e+18	7.61046742434e+17	7.61046742434e+17	
8.92730627427e+13	8.92730627427e+13	1.56988491838e+16	1.56988491838e+16	1.22496227328e+18	1.22496227328e+18	2.00341354786e+18	2.00341354786e+18	7.76493342829e+17	7.76493342829e+17	
9.12618442681e+13	9.12618442681e+13	1.5949555518e+16	1.5949555518e+16	1.24280227687e+18	1.24280227687e+18	2.03292000796e+18	2.03292000796e+18	7.87940812124e+17	7.87940812124e+17	
9.33519876524e+13	9.33519876524e+13	1.61499758065e+16	1.61499758065e+16	1.25594529899e+18	1.25594529899e+18	2.05489436721e+18	2.05489436721e+18	7.96474241586e+17	7.96474241586e+17	
9.56396749105e+13	9.56396749105e+13	1.63222287721e+16	1.63222287721e+16	1.26580164895e+18	1.26580164895e+18	2.07169599024e+18	2.07169599024e+18	8.03009784076e+17	8.03009784076e+17	
9.8441687825e+13	9.8441687825e+13	1.64860047761e+16	1.64860047761e+16	1.27319719519e+18	1.27319719519e+18	2.08527534045e+18	2.08527534045e+18	8.08306040321e+17	8.08306040321e+17	
1.02138057558e+14	1.02138057558e+14	1.66608216207e+16	1.66608216207e+16	1.27831615842e+18	1.27831615842e+18	2.09727805182e+18	2.09727805182e+18	8.1300474792e+17	8.1300474792e+17	
1.07088287605e+14	1.07088287605e+14	1.68676603225e+16	1.68676603225e+16	1.28188701654e+18	1.28188701654e+18	2.10917855223e+18	2.10917855223e+18	8.17682755586e+17	8.17682755586e+17	
1.13916335796e+14	1.13916335796e+14	1.71309003909e+16	1.71309003909e+16	1.28435485057e+18	1.28435485057e+18	2.12242850645e+18	2.12242850645e+18	8.22910302015e+17	8.22910302015e+17	
1.23386969658e+14	1.23386969658e+14	1.7481362434e+16	1.7481362434e+16	1.28615347074e+18	1.28615347074e+18	2.13861768154e+18	2.13861768154e+18	8.29314056609e+17	8.29314056609e+17	
1.36580850867e+14	1.36580850867e+14	1.7959666104e+16	1.7959666104e+16	1.28731772002e+18	1.28731772002e+18	2.159654249e+18	2.159654249e+18	8.37648459301e+17	8.37648459301e+17	
1.55030871794e+14	1.55030871794e+14	1.86210284506e+16	1.86210284506e+16	1.28802218273e+18	1.28802218273e+18	2.18799099882e+18	2.18799099882e+18	8.48884960347e+17	8.48884960347e+17	
1.80855657295e+14	1.80855657295e+14	1.95415587577e+16	1.95415587577e+16	1.28843906556e+18	1.28843906556e+18	2.21839387025e+18	2.21839387025e+18	8.64322919592e+17	8.64322919592e+17	
2.17005540377e+14	2.17005540377e+14	2.08268704766e+16	2.08268704766e+16	1.28876268641e+18	1.28876268641e+18	2.23833701319e+18	2.23833701319e+18	8.85738554577e+17	8.85738554577e+17	
2.67630617787e+14	2.67630617787e+14	2.26245614611e+16	2.26245614611e+16	1.28925220884e+18	1.28925220884e+18	2.25236360464e+18	2.25236360464e+18	9.15594376123e+17	9.15594376123e+17	
3.38534663183e+14	3.38534663183e+14	2.51406078582e+16	2.51406078582e+16	1.28915745539e+18	1.28915745539e+18	2.26167132122e+18	2.26167132122e+18	9.57313609437e+17	9.57313609437e+17	
4.37831957442e+14	4.37831957442e+14	2.86631405796e+16	2.86631405796e+16	1.28959990347e+18	1.28959990347e+18	2.26988461874e+18	2.26988461874e+18	1.01567551089e+18	1.01567551089e+18	
5.7690738981e+14	5.7690738981e+14	3.35960162078e+16	3.35960162078e+16	1.28951572987e+18	1.28951572987e+18	2.27334727611e+18	2.27334727611e+18	1.09737233922e+18	1.09737233922e+18	
7.71688893638e+14	7.71688893638e+14	4.05042108799e+16	4.05042108799e+16	1.28873621821e+18	1.28873621821e+18	2.27286710379e+18	2.27286710379e+18	1.21176199548e+18	1.21176199548e+18	
1.04449064727e+15	1.04449064727e+15	5.01792560432e+16	5.01792560432e+16	1.28926008148e+18	1.28926008148e+18	2.28408625877e+18	2.28408625877e+18	1.37195204452e+18	1.37195204452e+18	
1.42656050778e+15	1.42656050778e+15	6.37292742692e+16	6.37292742692e+16	1.29179189398e+18	1.29179189398e+18	2.28519347644e+18	2.28519347644e+18	1.59629035009e+18	1.59629035009e+18	
1.96162205503e+15	1.96162205503e+15	8.27048435157e+16	8.27048435157e+16	1.30104405177e+18	1.30104405177e+18	2.2716502804e+18	2.2716502804e+18	1.90953873418e+18	1.90953873418e+18	
2.71093891511e+15	2.71093891511e+15	1.09278940079e+17	1.09278940079e+17	1.31370342257e+18	1.31370342257e+18	2.28775353275e+18	2.28775353275e+18	2.21195892394e+18	2.21195892394e+18	
3.76033126987e+15	3.76033126987e+15	1.38191091267e+17	1.38191091267e+17	1.33550197597e+18	1.33550197597e+18	2.29651879336e+18	2.29651879336e+18	2.41996832058e+18	2.41996832058e+18	
5.22993288005e+15	5.22993288005e+15	1.57169024636e+17	1.57169024636e+17	1.35155717385e+18	1.35155717385e+18	2.29373638396e+18	2.29373638396e+18	2.54675783245e+18	2.54675783245e+18	
7.2878390735e+15	7.2878390735e+15	1.70547064415e+17	1.70547064415e+17	1.37472631365e+18	1.37472631365e+18	2.27503404435e+18	2.27503404435e+18	2.6176907846e+18	2.6176907846e+18	
1.01696481963e+16	1.01696481963e+16	1.7944027917e+17	1.7944027917e+17	1.38840830853e+18	1.38840830853e+18	2.28759043311e+18	2.28759043311e+18	2.75273384625e+18	2.75273384625e+18	
1.42053040973e+16	1.42053040973e+16	1.87346157839e+17	1.87346157839e+17	1.41120733694e+18	1.41120733694e+18	2.29182268322e+18	2.29182268322e+18	2.76974697917e+18	2.76974697917e+18	
1.98568314991e+16	1.98568314991e+16	1.90642764829e+17	1.90642764829e+17	1.4332716901e+18	1.4332716901e+18	2.28252390119e+18	2.28252390119e+18	2.73923249624e+18	2.73923249624e+18	
2.77711864924e+16	2.77711864924e+16	2.01193729081e+17	2.01193729081e+17	1.44735318835e+18	1.44735318835e+18	2.25097322459e+18	2.25097322459e+18	2.83593605144e+18	2.83593605144e+18	
3.88540025327e+16	3.88540025327e+16	2.01100315517e+17	2.01100315517e+17	1.46955036768e+18	1.46955036768e+18	2.32633382049e+18	2.32633382049e+18	2.81448261141e+18	2.81448261141e+18	
5.43754444939e+16	5.43754444939e+16	2.02275495729e+17	2.02275495729e+17	1.48548574898e+18	1.48548574898e+18	2.75939329611e+18	2.75939329611e+18	2.85238079251e+18	2.85238079251e+18	
7.61129191601e+16	7.61129191601e+16	2.09327932831e+17	2.09327932831e+17	1.50523040891e+18	1.50523040891e+18	3.36840081572e+18	3.36840081572e+18	2.74880604586e+18	2.74880604586e+18	
1.06555372544e+17	1.06555372544e+17	2.04452449824e+17	2.04452449824e+17	1.53098265639e+18	1.53098265639e+18	3.83304345212e+18	3.83304345212e+18	2.78581152837e+18	2.78581152837e+18	
1.49186424086e+17	1.49186424086e+17	2.13209666244e+17	2.13209666244e+17	1.54266701931e+18	1.54266701931e+18	4.53385103275e+18	4.53385103275e+18	2.68795627368e+18	2.68795627368e+18	
2.08892571963e+17	2.08892571963e+17	2.10735401669e+17	2.10735401669e+17	1.55703290427e+18	1.55703290427e+18	5.31620201832e+18	5.31620201832e+18	2.88930248525e+18	2.88930248525e+18	
2.92505666706e+17	2.92505666706e+17	2.10620946671e+17	2.10620946671e+17	1.57560550988e+18	1.57560550988e+18	6.03542145584e+18	6.03542145584e+18	3.03609353345e+18	3.03609353345e+18	
4.0961011048e+17	4.0961011048e+17	3.68032095481e+17	3.68032095481e+17	1.60198671365e+18	1.60198671365e+18	6.65161080414e+18	6.65161080414e+18	3.08619502205e+18	3.08619502205e+18	
5.73611786398e+17	5.73611786398e+17	6.13034472126e+17	6.13034472126e+17	1.59082609978e+18	1.59082609978e+18	7.40259130465e+18	7.40259130465e+18	2.98109399151e+18	2.98109399151e+18	
8.03288387166e+17	8.03288387166e+17	8.7945323222e+17	8.7945323222e+17	1.62187616485e+18	1.62187616485e+18	8.04234777403e+18	8.04234777403e+18	2.62555398269e+18	2.62555398269e+18	
1.08610586628e+18	1.08610586628e+18	1.18405691661e+18	1.18405691661e+18	1.61018794659e+18	1.61018794659e+18	8.83750158221e+18	8.83750158221e+18	2.17069092506e+18	2.17069092506e+18	
1.27772864466e+18	1.27772864466e+18	1.63579748709e+18	1.63579748709e+18	1.6854182279e+18	1.6854182279e+18	9.40409258627e+18	9.40409258627e+18	2.71495431613e+18	2.71495431613e+18	
1.43006354064e+18	1.43006354064e+18	1.94365461905e+18	1.94365461905e+18	1.67170370119e+18	1.67170370119e+18	1.01079678959e+19	1.01079678959e+19	1.19034074227e+18	1.19034074227e+18	
1.50119295143e+18	1.50119295143e+18	2.37355536295e+18	2.37355536295e+18	1.65871024209e+18	1.65871024209e+18	1.10340913009e+19	1.10340913009e+19	1.34246267021e+18	1.34246267021e+18	
1.60027396746e+18	1.60027396746e+18	2.53801459873e+18	2.53801459873e+18	1.64647793739e+18	1.64647793739e+18	1.14479382393e+19	1.14479382393e+19	1.55562452555e+18	1.55562452555e+18	
1.6630256865e+18	1.6630256865e+18	2.84599893468e+18	2.84599893468e+18	1.68466451824e+18	1.68466451824e+18	1.19601504457e+19	1.19601504457e+19	1.8543240846e+18	1.8543240846e+18	
1.69716618806e+18	1.69716618806e+18	3.22519852987e+18	3.22519852987e+18	1.67250559868e+18	1.67250559868e+18	1.26235632898e+19	1.26235632898e+19	8.1836513603e+17	8.1836513603e+17	
1.71876812682e+18	1.71876812682e+18	3.59280446617e+18	3.59280446617e+18	1.66156162805e+18	1.66156162805e+18	1.35611619898e+19	1.35611619898e+19	8.21239013096e+17	8.21239013096e+17	
1.75545096709e+18	1.75545096709e+18	3.93675586689e+18	3.93675586689e+18	1.65207691531e+18	1.65207691531e+18	1.31710404977e+19	1.31710404977e+19	8.25213840698e+17	8.25213840698e+17	
1.66562327256e+18	1.66562327256e+18	4.0703856711e+18	4.0703856711e+18	1.64439705536e+18	1.64439705536e+18	1.4294042133e+19	1.4294042133e+19	8.30695819485e+17	8.30695819485e+17	
1.62255491018e+18	1.62255491018e+18	4.59000269315e+18	4.59000269315e+18	1.63900221248e+18	1.63900221248e+18	1.38899223668e+19	1.38899223668e+19	8.38235847201e+17	8.38235847201e+17	
1.6989308104e+18	1.6989308104e+18	4.84033015201e+18	4.84033015201e+18	1.63655269897e+18	1.63655269897e+18	1.65879809229e+19	1.65879809229e+19	8.48580716358e+17	8.48580716358e+17	
1.67673297555e+18	1.67673297555e+18	5.16511093625e+18	5.16511093625e+18	1.63795163902e+18	1.63795163902e+18	1.61230277316e+19	1.61230277316e+19	1.08984115636e+19	1.08984115636e+19	
1.54293057806e+18	1.54293057806e+18	5.62312994033e+18	5.62312994033e+18	1.64443181866e+18	1.64443181866e+18	1.56893713477e+19	1.56893713477e+19	3.69023321084e+19	3.69023321084e+19	
2.60468645832e+18	2.60468645832e+18	5.43021185329e+18	5.43021185329e+18	1.65767220422e+18	1.65767220422e+18	1.71350251461e+19	1.71350251461e+19	7.47347669051e+19	7.47347669051e+19	
4.71782103052e+18	4.71782103052e+18	5.98364260744e+18	5.98364260744e+18	1.67994276018e+18	1.67994276018e+18	1.67144714338e+19	1.67144714338e+19	1.14408752966e+20	1.14408752966e+20	
7.25925386145e+18	7.25925386145e+18	5.78383999599e+18	5.78383999599e+18	1.71437275474e+18	1.71437275474e+18	1.63457150696e+19	1.63457150696e+19	1.6770154463e+20	1.6770154463e+20	
1.0363878361e+19	1.0363878361e+19	7.10954706279e+18	7.10954706279e+18	1.76529879636e+18	1.76529879636e+18	1.60407919569e+19	1.60407919569e+19	2.11412493258e+20	2.11412493258e+20	
1.3901063028e+19	1.3901063028e+19	6.87894201779e+18	6.87894201779e+18	1.8387409312e+18	1.8387409312e+18	1.58169584487e+19	1.58169584487e+19	2.66293296327e+20	2.66293296327e+20	
1.72605364551e+19	1.72605364551e+19	6.66512328224e+18	6.66512328224e+18	1.94315352168e+18	1.94315352168e+18	1.56990681002e+19	1.56990681002e+19	3.22859399137e+20	3.22859399137e+20	
2.11316790498e+19	2.11316790498e+19	6.47006150996e+18	6.47006150996e+18	2.09050451443e+18	2.09050451443e+18	1.57228998016e+19	1.57228998016e+19	3.77864406589e+20	3.77864406589e+20	
2.3733336279e+19	2.3733336279e+19	7.17633099037e+18	7.17633099037e+18	2.29785158382e+18	2.29785158382e+18	1.59397920312e+19	1.59397920312e+19	4.26370203333e+20	4.26370203333e+20	
2.67145691947e+19	2.67145691947e+19	6.99907827485e+18	6.99907827485e+18	2.58961397539e+18	2.58961397539e+18	1.64237396718e+19	1.64237396718e+19	4.61019453452e+20	4.61019453452e+20	
3.0396670565e+19	3.0396670565e+19	6.85746798815e+18	6.85746798815e+18	3.00069745224e+18	3.00069745224e+18	1.72800249822e+19	1.72800249822e+19	5.34982674007e+20	5.34982674007e+20	
3.51000777027e+19	3.51000777027e+19	6.76169132165e+18	6.76169132165e+18	3.58068013921e+18	3.58068013921e+18	1.86572215591e+19	1.86572215591e+19	5.56772387354e+20	5.56772387354e+20	
3.75686438637e+19	3.75686438637e+19	6.72669430274e+18	6.72669430274e+18	4.39993227558e+18	4.39993227558e+18	2.0765634921e+19	2.0765634921e+19	6.27257905087e+20	6.27257905087e+20	
4.21652265356e+19	4.21652265356e+19	6.77493442204e+18	6.77493442204e+18	5.55706037118e+18	5.55706037118e+18	2.39007490318e+19	2.39007490318e+19	6.67627482995e+20	6.67627482995e+20	
4.50597282151e+19	4.50597282151e+19	6.94086410934e+18	6.94086410934e+18	7.19097858798e+18	7.19097858798e+18	2.84840341995e+19	2.84840341995e+19	7.21789264187e+20	7.21789264187e+20	
5.31402332441e+19	5.31402332441e+19	7.28018895355e+18	7.28018895355e+18	9.4936668299e+18	9.4936668299e+18	3.5108498822e+19	3.5108498822e+19	7.98560321174e+20	7.98560321174e+20	
6.07017447822e+19	6.07017447822e+19	7.91510338775e+18	7.91510338775e+18	1.27366784018e+19	1.27366784018e+19	4.46858917889e+19	4.46858917889e+19	9.23514131787e+20	9.23514131787e+20	
