0.0	
0.0	
0.0	
0.0	
0.0	
0.0	
0.0	
0.0	
0.0	
0.0	
0.0	
0.0	
0.0	
0.0	
0.0	
0.0	
0.0	
0.0	
0.0201613425185	
0.0510643084579	
0.0751407580671	
0.0798371312781	
0.0782142061251	
0.0730372086576	
0.0664067284735	
0.0594303725429	
0.0526715104801	
0.0463957996329	
0.0407072798505	
0.0356246754223	
0.0311235291863	
0.0271591906214	
0.0236793120169	
0.0206304620424	
0.0179613583342	
nan	
nan	
nan	
nan	
nan	
nan	
nan	
nan	
nan	
nan	
nan	
0.0158816165525	
0.0174513460884	
0.0191758725866	
0.0210704203051	
0.0231517084565	
0.0254380956528	
0.0279497379851	
0.0307087620291	
0.0337394548247	
0.0370684742771	
0.0407250846788	
0.0447414201736	
0.0491527700139	
0.0539978664771	
0.0593191542816	
0.0651630338341	
0.071580072515	
0.0786251439543	
0.0863573943237	
0.094839854676	
0.104138393721	
0.114319487047	
0.12544590116	
0.137568765231	
0.150713529	
0.164855952262	
0.17988286524	
0.195532380687	
0.211313318171	
0.226420824782	
0.239699862092	
0.249744347046	
0.255197262486	
0.255179075641	
0.249607943252	
0.239202424645	
0.2251919167	
0.20894100152	
0.191668404843	
0.174315289723	
0.15752900799	
0.141706897829	
0.127058461161	
0.113663802928	
0.101520120962	
0.0905753164011	
0.0807507764398	
0.0719560334789	
0.0640977657572	
0.0570850275078	
0.0508320675982	
0.0452596717529	
0.0402955776629	
0.0358744656811	
