1.27232350845e+12	
1.36579496717e+12	
1.53075367038e+12	
1.70652201056e+12	
1.88271172569e+12	
2.18038017222e+12	
2.49467240488e+12	
2.74174050739e+12	
3.2522333322e+12	
3.78756767837e+12	
4.54757824232e+12	
5.48513943978e+12	
6.30505360202e+12	
7.45496204545e+12	
8.83066929334e+12	
1.03263865417e+13	
1.22455346047e+13	
1.51314168836e+13	
1.71565680493e+13	
2.05055724872e+13	
2.33395732524e+13	
2.75354315582e+13	
3.12241433091e+13	
3.54755782728e+13	
3.97090008882e+13	
4.30763144977e+13	
4.59470302166e+13	
4.89833440275e+13	
5.11017812754e+13	
5.26985264492e+13	
5.40722584885e+13	
5.5237168371e+13	
5.59815549877e+13	
5.70683543758e+13	
5.78976185261e+13	
5.90254070132e+13	
6.04049671482e+13	
6.22133639646e+13	
6.4676783024e+13	
6.80524070868e+13	
7.27483009433e+13	
7.93130864928e+13	
8.8490197483e+13	
1.0132986292e+14	
1.19308694007e+14	
1.4448522083e+14	
1.7974390578e+14	
2.29122876932e+14	
2.98279401223e+14	
3.95135605821e+14	
5.30782958619e+14	
7.20743117135e+14	
9.86765774809e+14	
1.35931305623e+15	
1.88103132872e+15	
2.61158979489e+15	
3.63462684259e+15	
5.06726670183e+15	
7.07351616533e+15	
9.88303959737e+15	
1.38173296649e+16	
1.9327272143e+16	
2.70437835481e+16	
3.78504235228e+16	
5.29838120119e+16	
7.41784409824e+16	
9.636047471e+16	
1.12355926057e+17	
1.23019446603e+17	
1.30125958095e+17	
1.36448941928e+17	
1.39077029783e+17	
1.38637587408e+17	
1.36511576655e+17	
1.48121994667e+17	
1.37460102772e+17	
1.49852878279e+17	
1.32890470882e+17	
1.54882655422e+17	
1.41086828627e+17	
2.38512248575e+17	
4.29310729057e+17	
6.58183852443e+17	
8.9948369884e+17	
1.17510237951e+18	
1.55469630434e+18	
1.89946289509e+18	
2.12273643029e+18	
2.37954177866e+18	
2.69353249244e+18	
2.99274512767e+18	
3.27229653734e+18	
3.62681175921e+18	
3.79355902214e+18	
4.35935442748e+18	
4.69434617743e+18	
4.60824281446e+18	
5.1036282749e+18	
5.77510401393e+18	
5.94899831065e+18	
