2.1576318504e+20	
1.37529341628e+24	
2.45838645414e+20	
1.99755726192e+21	
1.02395702104e+20	
1.83904804022e+20	
7.25452638436e+19	
3.8988176305e+20	
2.16773063978e+21	
7.98637776447e+19	
3.43709181026e+19	
1.4013315797e+22	
4.23570201137e+19	
3.29379873281e+19	
2.67111876014e+22	
5.16786187086e+19	
4.50169195539e+19	
5.38912932377e+19	
7.11869961599e+19	
9.7606425005e+19	
1.33416846428e+20	
1.88333131019e+20	
2.75465101607e+20	
3.943886756e+20	
5.95577899616e+20	
9.12239768005e+20	
1.31787520662e+21	
2.00916398369e+21	
3.16589356883e+21	
4.89142333133e+21	
7.58560572986e+21	
1.17860219999e+22	
1.80528864921e+22	
2.79493717605e+22	
4.23577120828e+22	
6.62317116136e+22	
9.59118698956e+22	
1.39092123657e+23	
1.88589609044e+23	
2.59395665589e+23	
3.23830691634e+23	
3.89464677623e+23	
4.33142757201e+23	
4.77735553728e+23	
5.09731919802e+23	
5.330713351e+23	
5.51242641123e+23	
5.67313889581e+23	
5.84587711924e+23	
6.06029308171e+23	
6.3443660537e+23	
6.75748617665e+23	
7.37461024938e+23	
8.3063560646e+23	
9.72076105941e+23	
1.18733149074e+24	
1.51508734538e+24	
2.01427213401e+24	
2.77470050091e+24	
3.93319861074e+24	
5.69794260255e+24	
8.38617100763e+24	
1.24813415042e+25	
1.87203855094e+25	
2.8226034702e+25	
4.27090318322e+25	
6.47746419022e+25	
9.83902661267e+25	
1.49593781182e+26	
2.27585956697e+26	
3.46395482683e+26	
5.27386945468e+26	
8.01513702756e+26	
1.03583781471e+27	
1.20699585759e+27	
1.29485574601e+27	
1.35813345001e+27	
1.39430508623e+27	
1.4499262095e+27	
1.47309949979e+27	
1.48684519561e+27	
1.31985352937e+27	
1.41669116559e+27	
1.40852177998e+27	
2.49805500015e+27	
5.16951393771e+27	
8.22509810598e+27	
1.17332660171e+28	
1.6154205604e+28	
1.87605416875e+28	
2.28038878866e+28	
2.69185419719e+28	
3.14954507518e+28	
3.44558032927e+28	
3.84098300017e+28	
4.3957040114e+28	
4.74848012439e+28	
5.28658778505e+28	
6.06338838798e+28	
7.34926782039e+28	
