2.00820238169e-06	
0.00072980954192	
0.00133755573034	
0.00179182829199	
0.00209872278324	
0.00229525726663	
0.002398784407	
0.00242999433575	
0.00242673533585	
0.00240428709258	
0.00232554149337	
0.00228744740881	
0.00218629141186	
0.00214422412161	
0.00204968393034	
0.00198714805842	
0.00192671746473	
0.00183035035516	
0.00178139777118	
0.00173084253077	
0.00165730496076	
0.00158571362464	
0.00155332577629	
0.00150691549329	
0.00144608084487	
0.00137854531719	
0.00135406851466	
0.00132110455192	
0.0012794964721	
0.00122910650872	
0.00117442276412	
0.00115446902817	
0.00112946074766	
0.00109935736774	
0.00106413000162	
0.00102376179527	
0.000979982709505	
0.000963430387588	
0.000943930433338	
0.000921491105225	
0.000896127696407	
0.000867862719851	
0.000836726093459	
0.000802755325214	
0.000784061953863	
0.000768596892193	
0.00075147351217	
0.000732720050384	
0.000712369035239	
0.000690457380266	
0.000667026477418	
0.000642122290376	
0.000616411545852	
0.000603802990274	
0.000590273977521	
0.000575852188968	
0.000560567832201	
0.0005444536878	
0.000527545156118	
0.000509880304073	
0.000491499911925	
0.000472447520062	
0.000452769475787	
0.000437304047537	
0.000425540297198	
0.000413310872414	
0.000400641159976	
0.000387558065937	
0.000374090038989	
0.000360267093833	
0.000346120834559	
0.000331684478014	
0.000316992877182	
0.000302082544557	
0.000286991675515	
0.000271760171692	
0.00026048568032	
0.000249453299348	
0.000238215309122	
0.000226792511622	
0.000215206617458	
0.000203480257521	
0.000191636994627	
0.000179701335174	
0.000167698740786	
0.000155655639965	
0.000143599439742	
0.000131558537326	
0.000119562331752	
0.000107641235533	
9.58266863091e-05	
8.5017458225e-05	
7.45164507264e-05	
6.39462983211e-05	
5.33228689168e-05	
4.26625694461e-05	
3.19823516621e-05	
2.12997179355e-05	
1.06327270501e-05	
0.0	
changement
1.83516182007e-06	
7.42491179042e-05	
0.000150462597071	
0.000226575677612	
0.000302540470153	
0.000378308548182	
0.00045382890781	
0.000529053008321	
0.000603931822231	
0.000678415341585	
0.00075245453008	
0.000826003219448	
0.000899009646316	
0.000971426670128	
0.00104320404675	
0.00111429784106	
0.00118465757811	
0.00125423317911	
0.00132298133114	
0.00139085105865	
0.00145779198974	
0.00152375986915	
0.00158871281201	
0.0016525945292	
0.00171535700933	
0.00177695471203	
0.00183735542042	
0.00189649617101	
0.00195432941394	
0.0020108083831	
0.00206588768063	
0.00211954447153	
0.00217170824028	
0.00222233248153	
0.00227137049978	
0.00231877608855	
0.00236450417821	
0.0024085462328	
0.00245082032122	
0.00249128064525	
0.00252988174236	
0.00256657816849	
0.0026013246906	
0.00263407627383	
0.00266482989641	
0.00269351456897	
0.00272007282602	
0.0027444601484	
0.00276663245737	
0.00278654580838	
0.00280415628467	
0.00281942042917	
0.00283229631827	
0.00284281150266	
0.00285085291903	
0.00285637749339	
0.00285934243398	
0.00285970524097	
0.00285742373273	
0.00285245578631	
0.00284475959383	
0.00283429361114	
0.00282101643096	
0.00280493348247	
0.00278600254351	
0.00276413786096	
0.00273929873992	
0.00271144469298	
0.00268053548674	
0.00264653120605	
0.00260939205248	
0.00256907859399	
0.0025255516052	
0.00247877213211	
0.00242870148569	
0.00237530124549	
0.00231861672665	
0.00225853516448	
0.00219500631126	
0.00212799225299	
0.00205745540479	
0.00198335847096	
0.00190566435676	
0.00182433633674	
0.00173933790591	
0.00165063284348	
0.00155818525032	
0.00146195950709	
0.0013619202671	
0.00125803251102	
0.00115026150731	
0.00103860964439	
0.000923013368763	
0.000803419368529	
0.000679793286706	
0.000552101059377	
0.000420308925426	
0.000284383423774	
0.000144291398373	
0.0	
changement
2.01275811683e-06	
0.000539596143891	
0.00107901649832	
0.00161447360825	
0.0021444955939	
0.0026676916974	
0.0031829256698	
0.00368918194553	
0.00418542181376	
0.00467041689084	
0.00514470455009	
0.00560561826455	
0.00605498323268	
0.00648885337346	
0.00691164703636	
0.00731817638473	
0.0077095759334	
0.00808893648069	
0.00845023510313	
0.00879410903318	
0.00912917254079	
0.00944540163298	
0.00974206495611	
0.0100237273892	
0.0102971492242	
0.0105510651152	
0.0107849199284	
0.010998190074	
0.0112075703706	
0.0114037407339	
0.011580231773	
0.0117366774343	
0.0118727434376	
0.0119947511574	
0.012121513106	
0.0122294344714	
0.0123183086732	
0.0123879593666	
0.0124382412855	
0.0124690411371	
0.0125036215815	
0.0125369941081	
0.0125529166165	
0.0125513582	
0.0125323164777	
0.0124958182998	
0.0124419203999	
0.0123707100875	
0.0123114551757	
0.0122550406042	
0.0121834150143	
0.0120966910834	
0.0119950071191	
0.0118785275948	
0.0117474436485	
0.0116019736063	
0.011442363489	
0.0112702987923	
0.0111345768043	
0.0109863862183	
0.0108259370821	
0.0106534612477	
0.0104692127292	
0.0102734680821	
0.0100665267628	
0.0098487115077	
0.00962036869625	
0.00938186872014	
0.00913360635941	
0.00889945886354	
0.00867896269935	
0.00844928687724	
0.00821072216289	
0.00796357727674	
0.00770817914544	
0.00744487315412	
0.00717402340403	
0.00689601295844	
0.00661124410113	
0.00632013858696	
0.00602313789486	
0.00572070348016	
0.00541331703002	
0.00512073540638	
0.00483255551131	
0.00453840683726	
0.00423861132192	
0.00393350485602	
0.0036234374471	
0.00330877338381	
0.00298989140049	
0.0026671848408	
0.00234106182208	
0.00201194539932	
0.00168027372986	
0.00134650023668	
0.00101109377344	
0.000674538788106	
0.000337335487183	
0.0	
changement
