0.0	1.21150344177e-06
0.010101010101	2.59144851433e-05
0.020202020202	5.30807446726e-05
0.030303030303	8.02121279475e-05
0.040404040404	0.000107293842941
0.0505050505051	0.000134309979757
0.0606060606061	0.000161242382391
0.0707070707071	0.000188075475706
0.0808080808081	0.00021479244989
0.0909090909091	0.000241376326943
0.10101010101	0.000267806596031
0.111111111111	0.000294074426366
0.121212121212	0.000320156920475
0.131313131313	0.000346042335528
0.141414141414	0.000371711621123
0.151515151515	0.000397130308737
0.161616161616	0.000422316418467
0.171717171717	0.000447236595075
0.181818181818	0.00047185053271
0.191919191919	0.000496187536061
0.20202020202	0.000520208779274
0.212121212121	0.00054385048743
0.222222222222	0.00056718799094
0.232323232323	0.000590159682711
0.242424242424	0.000612748960264
0.252525252525	0.000634858161068
0.262626262626	0.000656629917077
0.272727272727	0.000677969400956
0.282828282828	0.000698859953405
0.292929292929	0.000719285030527
0.30303030303	0.000739085489642
0.313131313131	0.000758525724459
0.323232323232	0.000777450736522
0.333333333333	0.000795843637164
0.343434343434	0.000813687944265
0.353535353535	0.000830967054105
0.363636363636	0.00084754099875
0.373737373737	0.00086351177609
0.383838383838	0.000878990796142
0.393939393939	0.000893838247938
0.40404040404	0.000908037430959
0.414141414141	0.000921571805672
0.424242424242	0.000934424685182
0.434343434343	0.000946579470952
0.444444444444	0.000957599167324
0.454545454545	0.000968303125023
0.464646464646	0.000978259419464
0.474747474747	0.000987451446148
0.484848484848	0.000995862576895
0.494949494949	0.00100347618321
0.505050505051	0.00101027562808
0.515151515152	0.00101624431539
0.525252525253	0.00102102765813
0.535353535354	0.00102494419201
0.545454545455	0.00102831860036
0.555555555556	0.00103079641417
0.565656565657	0.001032360923
0.575757575758	0.0010329955509
0.585858585859	0.00103268372211
0.59595959596	0.00103140881028
0.606060606061	0.0010291541722
0.616161616162	0.00102590322358
0.626262626263	0.00102163937037
0.636363636364	0.00101533232468
0.646464646465	0.00100899912592
0.656565656566	0.00100160422808
0.666666666667	0.000993131045274
0.676767676768	0.000983563008657
0.686868686869	0.000972883484952
0.69696969697	0.000961075905455
0.707070707071	0.000948123684858
0.717171717172	0.000934010214491
0.727272727273	0.000918718901574
0.737373737374	0.000902233149619
0.747474747475	0.000884536380182
0.757575757576	0.000865611979418
0.767676767677	0.000844173914306
0.777777777778	0.000822776694731
0.787878787879	0.000800103988234
0.79797979798	0.000776139252269
0.808080808081	0.000750865892682
0.818181818182	0.00072426734533
0.828282828283	0.00069632705426
0.838383838384	0.000667028448068
0.848484848485	0.000636354947996
0.858585858586	0.000604289999542
0.868686868687	0.000570817031594
0.878787878788	0.000535919471338
0.888888888889	0.000499580755232
0.89898989899	0.000461784308918
0.909090909091	0.000422513568894
0.919191919192	0.000380890227452
0.929292929293	0.000338716612305
0.939393939394	0.00029502244233
0.949494949495	0.000249791183296
0.959595959596	0.000203006306273
0.969696969697	0.00015465128003
0.979797979798	0.000104709573965
0.989898989899	5.31646575927e-05
1.0	0.0


0.0	1.2316951658e-06
0.010101010101	0.000191890023753
0.020202020202	0.000384883884711
0.030303030303	0.000577483947274
0.040404040404	0.000769551039231
0.0505050505051	0.000960947403107
0.0606060606061	0.00115132873129
0.0707070707071	0.00134029997088
0.0808080808081	0.00152729753686
0.0909090909091	0.00171536600021
0.10101010101	0.00189808077153
0.111111111111	0.00207643742235
0.121212121212	0.00225993442921
0.131313131313	0.00244202674513
0.141414141414	0.00260931207712
0.151515151515	0.0027873375434
0.161616161616	0.00294125103738
0.171717171717	0.00311434984977
0.181818181818	0.00328548369689
0.191919191919	0.00341592182908
0.20202020202	0.00358091365195
0.212121212121	0.0037436196263
0.222222222222	0.0039039253303
0.232323232323	0.00399499428792
0.242424242424	0.00414760762353
0.252525252525	0.00429752290065
0.262626262626	0.00444462761706
0.272727272727	0.00458880917214
0.282828282828	0.00461699339925
0.292929292929	0.00475169610087
0.30303030303	0.00488321641928
0.313131313131	0.00501144456096
0.323232323232	0.00513627072226
0.333333333333	0.00507765508632
0.343434343434	0.0051913199041
0.353535353535	0.00530138174959
0.363636363636	0.00540773417004
0.373737373737	0.00551027113964
0.383838383838	0.005608886636
0.393939393939	0.00570347433785
0.40404040404	0.005515115705
0.414141414141	0.00559718190049
0.424242424242	0.00567511202736
0.434343434343	0.00574880500362
0.444444444444	0.00581815990925
0.454545454545	0.0058830758343
0.464646464646	0.00594345182595
0.474747474747	0.00599918635025
0.484848484848	0.0056505283265
0.494949494949	0.00569363048966
0.505050505051	0.00573211615227
0.515151515152	0.00576589077744
0.525252525253	0.0057948600971
0.535353535354	0.0058189298664
0.545454545455	0.00583800584257
0.555555555556	0.00585199375655
0.565656565657	0.00586079918077
0.575757575758	0.00534801316477
0.585858585859	0.00534630244013
0.59595959596	0.00533963916504
0.606060606061	0.00532790647888
0.616161616162	0.00531101826887
0.626262626263	0.00528888856863
0.636363636364	0.00526143143155
0.646464646465	0.00522856091766
0.656565656566	0.00519019108292
0.666666666667	0.00514623596719
0.676767676768	0.00509660953124
0.686868686869	0.0050412248577
0.69696969697	0.00441516613966
0.707070707071	0.00435562632684
0.717171717172	0.00429075498398
0.727272727273	0.00422047495557
0.737373737374	0.00414470994999
0.747474747475	0.00406338375307
0.757575757576	0.00397642016963
0.767676767677	0.0038837430085
0.777777777778	0.00378527608132
0.787878787879	0.00368094319659
0.79797979798	0.00357066815676
0.808080808081	0.00345437474362
0.818181818182	0.00333198663312
0.828282828283	0.00320342591581
0.838383838384	0.00263676794615
0.848484848485	0.00251550003323
0.858585858586	0.0023887342346
0.868686868687	0.00225640446489
0.878787878788	0.00211844517478
0.888888888889	0.00197479087726
0.89898989899	0.00182537610022
0.909090909091	0.00167013537699
0.919191919192	0.00150900324341
0.929292929293	0.00134191423609
0.939393939394	0.00116880289257
0.949494949495	0.00098960375016
0.959595959596	0.000804251347061
0.969696969697	0.000612680220937
0.979797979798	0.000414824910164
0.989898989899	0.000210619952975
1.0	0.0


0.0	1.26479728212e-06
0.010101010101	0.000268743008178
0.020202020202	0.000524080105996
0.030303030303	0.000754941761086
0.040404040404	0.000925056967384
0.0505050505051	0.00107919667529
0.0606060606061	0.00117986367449
0.0707070707071	0.00121889336393
0.0808080808081	0.00139099359802
0.0909090909091	0.00134237824807
0.10101010101	0.00123853326879
0.111111111111	0.00135949401958
0.121212121212	0.00119345143835
0.131313131313	0.00128959577868
0.141414141414	0.00138493736945
0.151515151515	0.00116074530744
0.161616161616	0.00123414384549
0.171717171717	0.00130676569607
0.181818181818	0.00105683584602
0.191919191919	0.00111120848222
0.20202020202	0.00116487464294
0.212121212121	0.000916547809681
0.222222222222	0.000955790536785
0.232323232323	0.000994418309442
0.242424242424	0.00103240238453
0.252525252525	0.000793878639573
0.262626262626	0.00082104774949
0.272727272727	0.000847679638617
0.282828282828	0.000873750893348
0.292929292929	0.000899240500637
0.30303030303	0.000678769206244
0.313131313131	0.000696586476775
0.323232323232	0.000713935567958
0.333333333333	0.000730796689819
0.343434343434	0.00074715444491
0.353535353535	0.000762993375691
0.363636363636	0.000567413743835
0.373737373737	0.000578159344327
0.383838383838	0.000588505339352
0.393939393939	0.000598428963709
0.40404040404	0.00060791894046
0.414141414141	0.000616964089157
0.424242424242	0.000625553153922
0.434343434343	0.000633672616649
0.444444444444	0.000465070592252
0.454545454545	0.0004702585696
0.464646464646	0.000475084061018
0.474747474747	0.000479538684612
0.484848484848	0.000483614318065
0.494949494949	0.000487302866006
0.505050505051	0.000490596211927
0.515151515152	0.000493486053531
0.525252525253	0.000358350330786
0.535353535354	0.00035981727443
0.545454545455	0.000360996186073
0.555555555556	0.000361860753012
0.565656565657	0.000362404948158
0.575757575758	0.00036262290144
0.585858585859	0.000362508767867
0.59595959596	0.00036205670507
0.606060606061	0.000361260857712
0.616161616162	0.00036011530149
0.626262626263	0.000358613293688
0.636363636364	0.000257084753878
0.646464646465	0.000255477401175
0.656565656566	0.000253602225632
0.666666666667	0.000251454282578
0.676767676768	0.000249029285377
0.686868686869	0.000246323010244
0.69696969697	0.00024333124763
0.707070707071	0.000240049791805
0.717171717172	0.000236474436514
0.727272727273	0.000232600969703
0.737373737374	0.000228425156931
0.747474747475	0.000223942637375
0.757575757576	0.000219142815229
0.767676767677	0.000153967706399
0.777777777778	0.000150063567933
0.787878787879	0.000145927208385
0.79797979798	0.000141555358039
0.808080808081	0.000136944950877
0.818181818182	0.000132092951811
0.828282828283	0.000126996334191
0.838383838384	0.000121652074356
0.848484848485	0.000116057149765
0.858585858586	0.000110208538051
0.868686868687	0.000104103216126
0.878787878788	9.77381583642e-05
0.888888888889	9.11103305071e-05
0.89898989899	8.42166557361e-05
0.909090909091	7.7053288407e-05
0.919191919192	5.00184664336e-05
0.929292929293	4.44797366206e-05
0.939393939394	3.8741633623e-05
0.949494949495	3.28017916588e-05
0.959595959596	2.66580115407e-05
0.969696969697	2.0308114728e-05
0.979797979798	1.37499279643e-05
0.989898989899	6.98127988834e-06
1.0	0.0


0.0	6.92155217877e-09
0.010101010101	7.5959588777e-07
0.020202020202	1.5256467132e-06
0.030303030303	2.29076035776e-06
0.040404040404	3.05446752195e-06
0.0505050505051	3.81629891858e-06
0.0606060606061	4.57578524551e-06
0.0707070707071	5.3324572084e-06
0.0808080808081	6.08584550932e-06
0.0909090909091	6.83548085228e-06
0.10101010101	7.58077091929e-06
0.111111111111	8.32148043786e-06
0.121212121212	9.05695056013e-06
0.131313131313	9.78686292743e-06
0.141414141414	1.05106760087e-05
0.151515151515	1.12274094614e-05
0.161616161616	1.19375837896e-05
0.171717171717	1.26402513153e-05
0.181818181818	1.33342746023e-05
0.191919191919	1.4020486358e-05
0.20202020202	1.46977839696e-05
0.212121212121	1.5364373077e-05
0.222222222222	1.602237793e-05
0.232323232323	1.6670061817e-05
0.242424242424	1.73069555314e-05
0.252525252525	1.79303021186e-05
0.262626262626	1.85441295321e-05
0.272727272727	1.91457607729e-05
0.282828282828	1.97347266613e-05
0.292929292929	2.03105580527e-05
0.30303030303	2.08687652375e-05
0.313131313131	2.1416814515e-05
0.323232323232	2.1950324802e-05
0.333333333333	2.24688269312e-05
0.343434343434	2.29718518493e-05
0.353535353535	2.34589304989e-05
0.363636363636	2.39226362648e-05
0.373737373737	2.43762827412e-05
0.383838383838	2.48125814138e-05
0.393939393939	2.52310628185e-05
0.40404040404	2.56312580347e-05
0.414141414141	2.6012698146e-05
0.424242424242	2.63749142294e-05
0.434343434343	2.67174372065e-05
0.444444444444	2.70279343934e-05
0.454545454545	2.73295325362e-05
0.464646464646	2.76100402947e-05
0.474747474747	2.78689889379e-05
0.484848484848	2.81059097536e-05
0.494949494949	2.83203340304e-05
0.505050505051	2.85117930546e-05
0.515151515152	2.86798180892e-05
0.525252525253	2.88048691481e-05
0.535353535354	2.89245378458e-05
0.545454545455	2.90193859701e-05
0.555555555556	2.90889420897e-05
0.565656565657	2.91327377817e-05
0.575757575758	2.91503046418e-05
0.585858585859	2.91411742694e-05
0.59595959596	2.91048782629e-05
0.606060606061	2.90409482182e-05
0.616161616162	2.8948915716e-05
0.626262626263	2.88283121673e-05
0.636363636364	2.86500677155e-05
0.646464646465	2.84710960295e-05
0.656565656566	2.82621784053e-05
0.666666666667	2.80228467513e-05
0.676767676768	2.77526331167e-05
0.686868686869	2.74510695644e-05
0.69696969697	2.71176881599e-05
0.707070707071	2.67520209693e-05
0.717171717172	2.63536000581e-05
0.727272727273	2.59219574896e-05
0.737373737374	2.54566253186e-05
0.747474747475	2.4957135554e-05
0.757575757576	2.44230180126e-05
0.767676767677	2.3817994637e-05
0.777777777778	2.32141327892e-05
0.787878787879	2.25742959184e-05
0.79797979798	2.18980167022e-05
0.808080808081	2.11848278937e-05
0.818181818182	2.04342622573e-05
0.828282828283	1.96458525603e-05
0.838383838384	1.88191315713e-05
0.848484848485	1.79536320589e-05
0.858585858586	1.70488867916e-05
0.868686868687	1.61044285375e-05
0.878787878788	1.51197900627e-05
0.888888888889	1.40945041278e-05
0.89898989899	1.30281034665e-05
0.909090909091	1.19201203329e-05
0.919191919192	1.07457779494e-05
0.929292929293	9.55592176131e-06
0.939393939394	8.32317916018e-06
0.949494949495	7.04708384347e-06
0.959595959596	5.72716961606e-06
0.969696969697	4.36297029606e-06
0.979797979798	2.95401970491e-06
0.989898989899	1.49985166518e-06
1.0	0.0


0.0	6.92220937134e-09
0.010101010101	5.44012351108e-06
0.020202020202	1.08827013463e-05
0.030303030303	1.63125476755e-05
0.040404040404	2.17304987492e-05
0.0505050505051	2.71279587756e-05
0.0606060606061	3.24967834465e-05
0.0707070707071	3.78258292305e-05
0.0808080808081	4.30991993198e-05
0.0909090909091	4.84028053947e-05
0.10101010101	5.35553728582e-05
0.111111111111	5.85850025662e-05
0.121212121212	6.37596839786e-05
0.131313131313	6.88947436321e-05
0.141414141414	7.36121072683e-05
0.151515151515	7.8632480132e-05
0.161616161616	8.29726727513e-05
0.171717171717	8.78541044468e-05
0.181818181818	9.26801207186e-05
0.191919191919	9.63581994249e-05
0.20202020202	0.00010101099099
0.212121212121	0.000105599327069
0.222222222222	0.000110119968371
0.232323232323	0.000112687666511
0.242424242424	0.000116991366378
0.252525252525	0.000121218982237
0.262626262626	0.000125367333302
0.272727272727	0.000129433225777
0.282828282828	0.000130227357869
0.292929292929	0.000134025949403
0.30303030303	0.00013773479448
0.313131313131	0.000141350792371
0.323232323232	0.000144870839706
0.333333333333	0.000143216958554
0.343434343434	0.000146422197881
0.353535353535	0.000149525874669
0.363636363636	0.00015252494029
0.373737373737	0.000155416401458
0.383838383838	0.000158197264188
0.393939393939	0.000160864495403
0.40404040404	0.000155551517147
0.414141414141	0.000157865646952
0.424242424242	0.000160063153412
0.434343434343	0.000162141166476
0.444444444444	0.000164096836989
0.454545454545	0.000165927316803
0.464646464646	0.000167629752634
0.474747474747	0.000169201212127
0.484848484848	0.000159367498259
0.494949494949	0.000160582760485
0.505050505051	0.000161667865644
0.515151515152	0.000162620116186
0.525252525253	0.000163436849093
0.535353535354	0.000164115404776
0.545454545455	0.000164653123571
0.555555555556	0.0001650473426
0.565656565657	0.000165295377339
0.575757575758	0.000150835284168
0.585858585859	0.000150784426499
0.59595959596	0.000150596240373
0.606060606061	0.000150265112351
0.616161616162	0.000149788595112
0.626262626263	0.000149164260227
0.636363636364	0.000148389682354
0.646464646465	0.000147462436756
0.656565656566	0.000146380098239
0.666666666667	0.000145140239329
0.676767676768	0.000143740422028
0.686868686869	0.000142178090127
0.69696969697	0.000124521585424
0.707070707071	0.000122842104739
0.717171717172	0.000121012381281
0.727272727273	0.00011903014021
0.737373737374	0.000116893218777
0.747474747475	0.000114599464537
0.757575757576	0.000112146727391
0.767676767677	0.000109532857949
0.777777777778	0.000106755706976
0.787878787879	0.000103813125019
0.79797979798	0.000100702961763
0.808080808081	9.74230639873e-05
0.818181818182	9.39712645741e-05
0.828282828283	9.03451811918e-05
0.838383838384	7.43642911647e-05
0.848484848485	7.09440463434e-05
0.858585858586	6.7368830077e-05
0.868686868687	6.3636714842e-05
0.878787878788	5.97458430993e-05
0.888888888889	5.5694365408e-05
0.89898989899	5.14804343422e-05
0.909090909091	4.71022031757e-05
0.919191919192	4.25578254788e-05
0.929292929293	3.78454549653e-05
0.939393939394	3.29632454261e-05
0.949494949495	2.79093506968e-05
0.959595959596	2.26819246408e-05
0.969696969697	1.72791211399e-05
0.979797979798	1.16990940897e-05
0.989898989899	5.93999739937e-06
1.0	0.0


0.0	6.92281533109e-09
0.010101010101	7.60728610661e-06
0.020202020202	1.48072173562e-05
0.030303030303	2.13166141978e-05
0.040404040404	2.61118907481e-05
0.0505050505051	3.04571633175e-05
0.0606060606061	3.32940644093e-05
0.0707070707071	3.43923937605e-05
0.0808080808081	3.92457384987e-05
0.0909090909091	3.78721566294e-05
0.10101010101	3.49410418437e-05
0.111111111111	3.8352149546e-05
0.121212121212	3.36671688047e-05
0.131313131313	3.63783871461e-05
0.141414141414	3.90670364276e-05
0.151515151515	3.27423953614e-05
0.161616161616	3.48122554627e-05
0.171717171717	3.68601288649e-05
0.181818181818	2.98100817553e-05
0.191919191919	3.13433936225e-05
0.20202020202	3.28567714447e-05
0.212121212121	2.5852307384e-05
0.222222222222	2.69588834194e-05
0.232323232323	2.80481817076e-05
0.242424242424	2.91193138193e-05
0.252525252525	2.23918826831e-05
0.262626262626	2.3157764616e-05
0.272727272727	2.39087657524e-05
0.282828282828	2.46439621142e-05
0.292929292929	2.53627354578e-05
0.30303030303	1.91449234796e-05
0.313131313131	1.96468824745e-05
0.323232323232	2.01360975424e-05
0.333333333333	2.06115638613e-05
0.343434343434	2.10728323201e-05
0.353535353535	2.15194455876e-05
0.363636363636	1.60045387946e-05
0.373737373737	1.63064100816e-05
0.383838383838	1.65981267546e-05
0.393939393939	1.68779510017e-05
0.40404040404	1.71455486327e-05
0.414141414141	1.7400598095e-05
0.424242424242	1.76427677393e-05
0.434343434343	1.78714191215e-05
0.444444444444	1.3116698004e-05
0.454545454545	1.32629305457e-05
0.464646464646	1.33989807281e-05
0.474747474747	1.35245794586e-05
0.484848484848	1.36394916643e-05
0.494949494949	1.37434858081e-05
0.505050505051	1.38363275271e-05
0.515151515152	1.3917757637e-05
0.525252525253	1.0108618397e-05
0.535353535354	1.01480313365e-05
0.545454545455	1.01812212234e-05
0.555555555556	1.02055735664e-05
0.565656565657	1.02208976758e-05
0.575757575758	1.02270234783e-05
0.585858585859	1.02237842003e-05
0.59595959596	1.02110134099e-05
0.606060606061	1.01885429464e-05
0.616161616162	1.01561954554e-05
0.626262626263	1.0113683696e-05
0.636363636364	7.25067216398e-06
0.646464646465	7.20521681714e-06
0.656565656566	7.15229859449e-06
0.666666666667	7.09170149117e-06
0.676767676768	7.02329551146e-06
0.686868686869	6.94695892756e-06
0.69696969697	6.86257188729e-06
0.707070707071	6.77001504174e-06
0.717171717172	6.66916897047e-06
0.727272727273	6.55991348172e-06
0.737373737374	6.44212540324e-06
0.747474747475	6.31566469349e-06
0.757575757576	6.17952966669e-06
0.767676767677	4.34236032203e-06
0.777777777778	4.23220115025e-06
0.787878787879	4.11552648911e-06
0.79797979798	3.9922184016e-06
0.808080808081	3.86218567597e-06
0.818181818182	3.72534117263e-06
0.828282828283	3.58159886516e-06
0.838383838384	3.43087312167e-06
0.848484848485	3.27307845762e-06
0.858585858586	3.10812941184e-06
0.868686868687	2.93594042707e-06
0.878787878788	2.75642560845e-06
0.888888888889	2.56949791232e-06
0.89898989899	2.37506461705e-06
0.909090909091	2.17292920987e-06
0.919191919192	1.41068758133e-06
0.929292929293	1.25444794025e-06
0.939393939394	1.09261075796e-06
0.949494949495	9.25089145607e-07
0.959595959596	7.51818043684e-07
0.969696969697	5.72735110925e-07
0.979797979798	3.87778703056e-07
0.989898989899	1.96887426106e-07
1.0	0.0


0.0	8.81199204334e-11
0.010101010101	4.11576596239e-08
0.020202020202	8.23782084713e-08
0.030303030303	1.23548275084e-07
0.040404040404	1.64642609466e-07
0.0505050505051	2.05635961563e-07
0.0606060606061	2.46503081249e-07
0.0707070707071	2.87218718306e-07
0.0808080808081	3.27757622407e-07
0.0909090909091	3.68094543089e-07
0.10101010101	4.08197606108e-07
0.111111111111	4.48054160741e-07
0.121212121212	4.87628751645e-07
0.131313131313	5.26904252573e-07
0.141414141414	5.65851523519e-07
0.151515151515	6.04417804089e-07
0.161616161616	6.42631124258e-07
0.171717171717	6.80440478442e-07
0.181818181818	7.17784655573e-07
0.191919191919	7.54708482322e-07
0.20202020202	7.91152617302e-07
0.212121212121	8.27020491014e-07
0.222222222222	8.62426439201e-07
0.232323232323	8.9727699791e-07
0.242424242424	9.31546915642e-07
0.252525252525	9.65087833098e-07
0.262626262626	9.9811649416e-07
0.272727272727	1.03048887332e-06
0.282828282828	1.06217970687e-06
0.292929292929	1.09316374695e-06
0.30303030303	1.12319941961e-06
0.313131313131	1.15268840614e-06
0.323232323232	1.18139506955e-06
0.333333333333	1.20929411629e-06
0.343434343434	1.23636030337e-06
0.353535353535	1.2625683857e-06
0.363636363636	1.28751890267e-06
0.373737373737	1.3119277348e-06
0.383838383838	1.33540324275e-06
0.393939393939	1.35791996829e-06
0.40404040404	1.37945267412e-06
0.414141414141	1.39997612457e-06
0.424242424242	1.41946508099e-06
0.434343434343	1.43789422458e-06
0.444444444444	1.45460014291e-06
0.454545454545	1.47082709822e-06
0.464646464646	1.48591914077e-06
0.474747474747	1.4998510365e-06
0.484848484848	1.5125975602e-06
0.494949494949	1.52413348742e-06
0.505050505051	1.53443359218e-06
0.515151515152	1.5434726372e-06
0.525252525253	1.55020019294e-06
0.535353535354	1.55663606051e-06
0.545454545455	1.56173726944e-06
0.555555555556	1.56547746259e-06
0.565656565657	1.56783142172e-06
0.575757575758	1.56877393796e-06
0.585858585859	1.56827980385e-06
0.59595959596	1.56632381192e-06
0.606060606061	1.56288075319e-06
0.616161616162	1.55792541146e-06
0.626262626263	1.55143248446e-06
0.636363636364	1.54183810176e-06
0.646464646465	1.53220424843e-06
0.656565656566	1.5209590025e-06
0.666666666667	1.50807710608e-06
0.676767676768	1.49353336928e-06
0.686868686869	1.47730260873e-06
0.69696969697	1.4593596425e-06
0.707070707071	1.43967928902e-06
0.717171717172	1.41823636648e-06
0.727272727273	1.39500569194e-06
0.737373737374	1.36996207844e-06
0.747474747475	1.34308031597e-06
0.757575757576	1.3143340341e-06
0.767676767677	1.2817746006e-06
0.777777777778	1.24927627785e-06
0.787878787879	1.21484209382e-06
0.79797979798	1.17844686103e-06
0.808080808081	1.14006542861e-06
0.818181818182	1.09967265129e-06
0.828282828283	1.05724338534e-06
0.838383838384	1.01275248755e-06
0.848484848485	9.66174814899e-07
0.858585858586	9.17485224361e-07
0.868686868687	8.6665857264e-07
0.878787878788	8.13669715631e-07
0.888888888889	7.58493506506e-07
0.89898989899	7.01104785002e-07
0.909090909091	6.4147814616e-07
0.919191919192	5.78281324233e-07
0.929292929293	5.14249097726e-07
0.939393939394	4.4790911182e-07
0.949494949495	3.7923621977e-07
0.959595959596	3.08205326819e-07
0.969696969697	2.34791344693e-07
0.979797979798	1.58969186788e-07
0.989898989899	8.07137671195e-08
1.0	0.0


0.0	8.81207643994e-11
0.010101010101	2.9301369921e-07
0.020202020202	5.85876558455e-07
0.030303030303	8.78056716603e-07
0.040404040404	1.16959921245e-06
0.0505050505051	1.46004107847e-06
0.0606060606061	1.74894338599e-06
0.0707070707071	2.03570591688e-06
0.0808080808081	2.3194727834e-06
0.0909090909091	2.60486553063e-06
0.10101010101	2.8821332115e-06
0.111111111111	3.15278416564e-06
0.121212121212	3.43123965422e-06
0.131313131313	3.7075593702e-06
0.141414141414	3.96140915975e-06
0.151515151515	4.23156033844e-06
0.161616161616	4.46511052736e-06
0.171717171717	4.72778367356e-06
0.181818181818	4.98747507589e-06
0.191919191919	5.18540039282e-06
0.20202020202	5.43576408631e-06
0.212121212121	5.68266470052e-06
0.222222222222	5.92592122218e-06
0.232323232323	6.06409439907e-06
0.242424242424	6.29567351069e-06
0.252525252525	6.52316207381e-06
0.262626262626	6.74638459203e-06
0.272727272727	6.96515908327e-06
0.282828282828	7.00790388118e-06
0.292929292929	7.21230304684e-06
0.30303030303	7.41187473327e-06
0.313131313131	7.60644963406e-06
0.323232323232	7.79585712425e-06
0.333333333333	7.70689598107e-06
0.343434343434	7.87933830283e-06
0.353535353535	8.04634275621e-06
0.363636363636	8.20771935728e-06
0.373737373737	8.36330522599e-06
0.383838383838	8.51293713201e-06
0.393939393939	8.65643249296e-06
0.40404040404	8.37058523146e-06
0.414141414141	8.49508963041e-06
0.424242424242	8.61333092311e-06
0.434343434343	8.7251438284e-06
0.444444444444	8.83037333166e-06
0.454545454545	8.92886490943e-06
0.464646464646	9.0204614985e-06
0.474747474747	9.10496689504e-06
0.484848484848	8.57590552078e-06
0.494949494949	8.64126760971e-06
0.505050505051	8.69964675469e-06
0.515151515152	8.75088018043e-06
0.525252525253	8.79482208113e-06
0.535353535354	8.83132833646e-06
0.545454545455	8.86025478886e-06
0.555555555556	8.88145569029e-06
0.565656565657	8.89477459879e-06
0.575757575758	8.1181195831e-06
0.585858585859	8.11399567899e-06
0.59595959596	8.10384345686e-06
0.606060606061	8.08601332933e-06
0.616161616162	8.06036308394e-06
0.626262626263	8.02675980078e-06
0.636363636364	7.98507207882e-06
0.646464646465	7.93516881407e-06
0.656565656566	7.87691867661e-06
0.666666666667	7.81018921084e-06
0.676767676768	7.73484276311e-06
0.686868686869	7.65068320144e-06
0.69696969697	6.70080584224e-06
0.707070707071	6.61034659122e-06
0.717171717172	6.51186728388e-06
0.727272727273	6.40519020387e-06
0.737373737374	6.29019270356e-06
0.747474747475	6.16675720569e-06
0.757575757576	6.03476728738e-06
0.767676767677	5.89410687557e-06
0.777777777778	5.74465997346e-06
0.787878787879	5.58631047527e-06
0.79797979798	5.41894185064e-06
0.808080808081	5.24243613455e-06
0.818181818182	5.05666849838e-06
0.828282828283	4.86140754341e-06
0.838383838384	4.00172965532e-06
0.848484848485	3.81762280254e-06
0.858585858586	3.62522030921e-06
0.868686868687	3.42438279829e-06
0.878787878788	3.21500529352e-06
0.888888888889	2.9969868047e-06
0.89898989899	2.77022733375e-06
0.909090909091	2.5346272272e-06
0.919191919192	2.29008697756e-06
0.929292929293	2.03650714809e-06
0.939393939394	1.77378833997e-06
0.949494949495	1.50183117634e-06
0.959595959596	1.22053629399e-06
0.969696969697	9.29804338765e-07
0.979797979798	6.29535962955e-07
0.989898989899	3.19631824124e-07
1.0	0.0


0.0	8.81214940856e-11
0.010101010101	4.09636077859e-07
0.020202020202	7.97065667486e-07
0.030303030303	1.14733016142e-06
0.040404040404	1.40534911897e-06
0.0505050505051	1.63915049745e-06
0.0606060606061	1.79178540029e-06
0.0707070707071	1.85087098217e-06
0.0808080808081	2.11201031194e-06
0.0909090909091	2.03808128241e-06
0.10101010101	1.88037503045e-06
0.111111111111	2.06388080101e-06
0.121212121212	1.81182766154e-06
0.131313131313	1.95764934782e-06
0.141414141414	2.10229693505e-06
0.151515151515	1.76198384734e-06
0.161616161616	1.87334826353e-06
0.171717171717	1.9834842444e-06
0.181818181818	1.60417926986e-06
0.191919191919	1.68667187724e-06
0.20202020202	1.76808668307e-06
0.212121212121	1.39123920661e-06
0.222222222222	1.4507356889e-06
0.232323232323	1.50933915472e-06
0.242424242424	1.56695831983e-06
0.252525252525	1.20514670008e-06
0.262626262626	1.24619386011e-06
0.272727272727	1.28659143148e-06
0.282828282828	1.32614217327e-06
0.292929292929	1.36479850428e-06
0.30303030303	1.03053437768e-06
0.313131313131	1.05727121433e-06
0.323232323232	1.08357972095e-06
0.333333333333	1.10915570374e-06
0.343434343434	1.13396668559e-06
0.353535353535	1.15797611341e-06
0.363636363636	8.61924619573e-07
0.373737373737	8.77522106791e-07
0.383838383838	8.93199714424e-07
0.393939393939	9.08248152797e-07
0.40404040404	9.22640411648e-07
0.414141414141	9.36355698297e-07
0.424242424242	9.49368232566e-07
0.434343434343	9.61500319024e-07
0.444444444444	7.05900567896e-07
0.454545454545	7.13735724459e-07
0.464646464646	7.21045528787e-07
0.474747474747	7.27797233708e-07
0.484848484848	7.33974831266e-07
0.494949494949	7.39564053594e-07
0.505050505051	7.44549237277e-07
0.515151515152	7.48902462331e-07
0.525252525253	5.45118370726e-07
0.535353535354	5.46143438205e-07
0.545454545455	5.47904255378e-07
0.555555555556	5.49204872705e-07
0.565656565657	5.50023460482e-07
0.575757575758	5.50348336288e-07
0.585858585859	inf
0.59595959596	inf
0.606060606061	inf
0.616161616162	inf
0.626262626263	inf
0.636363636364	inf
0.646464646465	inf
0.656565656566	inf
0.666666666667	inf
0.676767676768	inf
0.686868686869	inf
0.69696969697	inf
0.707070707071	inf
0.717171717172	inf
0.727272727273	inf
0.737373737374	inf
0.747474747475	inf
0.757575757576	inf
0.767676767677	inf
0.777777777778	inf
0.787878787879	inf
0.79797979798	inf
0.808080808081	inf
0.818181818182	inf
0.828282828283	inf
0.838383838384	inf
0.848484848485	inf
0.858585858586	inf
0.868686868687	inf
0.878787878788	inf
0.888888888889	inf
0.89898989899	inf
0.909090909091	inf
0.919191919192	inf
0.929292929293	inf
0.939393939394	inf
0.949494949495	inf
0.959595959596	inf
0.969696969697	inf
0.979797979798	inf
0.989898989899	inf
1.0	inf


0.0	5.39228858743e-11
0.010101010101	1.83231782008e-08
0.020202020202	3.66890400926e-08
0.030303030303	5.50324118191e-08
0.040404040404	7.33420420576e-08
0.0505050505051	9.16066792104e-08
0.0606060606061	1.09815071615e-07
0.0707070707071	1.27955967683e-07
0.0808080808081	1.46018115915e-07
0.0909090909091	1.63990264885e-07
0.10101010101	1.81858212163e-07
0.111111111111	1.99616320198e-07
0.121212121212	2.1724879106e-07
0.131313131313	2.34747993541e-07
0.141414141414	2.52100943714e-07
0.151515151515	2.69284133849e-07
0.161616161616	2.86310051696e-07
0.171717171717	3.03155971962e-07
0.181818181818	3.19794621302e-07
0.191919191919	3.36245972147e-07
0.20202020202	3.52483585015e-07
0.212121212121	3.68464433294e-07
0.222222222222	3.84239459572e-07
0.232323232323	3.99767020407e-07
0.242424242424	4.15035865762e-07
0.252525252525	4.29979891916e-07
0.262626262626	4.44695676973e-07
0.272727272727	4.59119042785e-07
0.282828282828	4.73238736389e-07
0.292929292929	4.87043509524e-07
0.30303030303	5.00425721071e-07
0.313131313131	5.13564364997e-07
0.323232323232	5.26354429617e-07
0.333333333333	5.38784654075e-07
0.343434343434	5.5084379243e-07
0.353535353535	5.62520598175e-07
0.363636363636	5.73637056621e-07
0.373737373737	5.84512233163e-07
0.383838383838	5.94971531024e-07
0.393939393939	6.05003641517e-07
0.40404040404	6.14597321587e-07
0.414141414141	6.2374132867e-07
0.424242424242	6.32424419345e-07
0.434343434343	6.40635326931e-07
0.444444444444	6.48078423306e-07
0.454545454545	6.55308141086e-07
0.464646464646	6.62032201748e-07
0.474747474747	6.68239364908e-07
0.484848484848	6.73918392777e-07
0.494949494949	6.79058047777e-07
0.505050505051	6.83647091888e-07
0.515151515152	6.87674283792e-07
0.525252525253	6.90671420293e-07
0.535353535354	6.93538960743e-07
0.545454545455	6.95811685232e-07
0.555555555556	6.97478020492e-07
0.565656565657	6.98526733285e-07
0.575757575758	6.989465931e-07
0.585858585859	6.98726369839e-07
0.59595959596	6.9785483338e-07
0.606060606061	6.96320753165e-07
0.616161616162	6.94112896518e-07
0.626262626263	6.91220005728e-07
0.636363636364	6.86945223405e-07
0.646464646465	6.82652931284e-07
0.656565656566	6.77642691466e-07
0.666666666667	6.7190326289e-07
0.676767676768	6.65423424364e-07
0.686868686869	6.58191956594e-07
0.69696969697	6.501976407e-07
0.707070707071	6.41429257896e-07
0.717171717172	6.31875589319e-07
0.727272727273	6.21525415777e-07
0.737373737374	6.10367516883e-07
0.747474747475	5.98390665552e-07
0.757575757576	5.85583299289e-07
0.767676767677	5.71076591713e-07
0.777777777778	5.56597374589e-07
0.787878787879	5.41255656729e-07
0.79797979798	5.25040223356e-07
0.808080808081	5.07939870389e-07
0.818181818182	4.89943395374e-07
0.828282828283	4.71039596295e-07
0.838383838384	4.51217271292e-07
0.848484848485	4.3046521855e-07
0.858585858586	4.08772236245e-07
0.868686868687	3.86127122474e-07
0.878787878788	3.62518675092e-07
0.888888888889	3.37935691155e-07
0.89898989899	3.12366963805e-07
0.909090909091	2.85801215115e-07
0.919191919192	2.57644685416e-07
0.929292929293	2.291160674e-07
0.939393939394	1.99559255145e-07
0.949494949495	1.68963054406e-07
0.959595959596	1.37316286129e-07
0.969696969697	1.0460777315e-07
0.979797979798	7.082633879e-08
0.989898989899	3.59608065459e-08
1.0	0.0


0.0	5.39230240989e-11
0.010101010101	1.30537795539e-07
0.020202020202	2.61022349411e-07
0.030303030303	3.91201597569e-07
0.040404040404	5.21095590364e-07
0.0505050505051	6.50498241031e-07
0.0606060606061	7.79214268454e-07
0.0707070707071	9.06976495666e-07
0.0808080808081	1.03340377828e-06
0.0909090909091	1.16055558759e-06
0.10101010101	1.28408679594e-06
0.111111111111	1.4046701598e-06
0.121212121212	1.52873097135e-06
0.131313131313	1.65184083804e-06
0.141414141414	1.76493819281e-06
0.151515151515	1.88529923549e-06
0.161616161616	1.98935293497e-06
0.171717171717	2.10638248642e-06
0.181818181818	2.22208351686e-06
0.191919191919	2.31026424041e-06
0.20202020202	2.4218105246e-06
0.212121212121	2.53181295218e-06
0.222222222222	2.64019203401e-06
0.232323232323	2.70175118411e-06
0.242424242424	2.80492818076e-06
0.252525252525	2.9062820622e-06
0.262626262626	3.00573538829e-06
0.272727272727	3.10320883003e-06
0.282828282828	3.12224960813e-06
0.292929292929	3.21331689536e-06
0.30303030303	3.30223304485e-06
0.313131313131	3.38892304957e-06
0.323232323232	3.47331151847e-06
0.333333333333	3.43366844743e-06
0.343434343434	3.51050269231e-06
0.353535353535	3.58490946156e-06
0.363636363636	3.65680858987e-06
0.373737373737	3.72612782187e-06
0.383838383838	3.79279480027e-06
0.393939393939	3.85673152687e-06
0.40404040404	3.72936654714e-06
0.414141414141	3.78484049768e-06
0.424242424242	3.8375218618e-06
0.434343434343	3.88733887423e-06
0.444444444444	3.9342227648e-06
0.454545454545	3.97810490666e-06
0.464646464646	4.01891593254e-06
0.474747474747	4.05657506629e-06
0.484848484848	3.82084115847e-06
0.494949494949	3.84996719616e-06
0.505050505051	3.8759784842e-06
0.515151515152	3.89880554406e-06
0.525252525253	3.91838384767e-06
0.535353535354	3.93464935859e-06
0.545454545455	3.94753802959e-06
0.555555555556	3.95698534969e-06
0.565656565657	3.96292369015e-06
0.575757575758	3.616645052e-06
0.585858585859	3.61504618841e-06
0.59595959596	3.61052700755e-06
0.606060606061	3.60258465964e-06
0.616161616162	3.59115760164e-06
0.626262626263	3.57618700113e-06
0.636363636364	3.55761446872e-06
0.646464646465	3.53538170166e-06
0.656565656566	3.50943033134e-06
0.666666666667	3.47970166093e-06
0.676767676768	3.44613547802e-06
0.686868686869	3.40865452352e-06
0.69696969697	2.98541013792e-06
0.707070707071	2.94512178776e-06
0.717171717172	2.90124907309e-06
0.727272727273	2.85372236753e-06
0.737373737374	2.80248811041e-06
0.747474747475	2.74749421999e-06
0.757575757576	2.68868895124e-06
0.767676767677	2.62602066113e-06
0.777777777778	2.5594377289e-06
0.787878787879	2.48888850203e-06
0.79797979798	2.41432120418e-06
0.808080808081	2.33568364069e-06
0.818181818182	2.25292161579e-06
0.828282828283	2.16594987145e-06
0.838383838384	1.78288734381e-06
0.848484848485	1.70087174028e-06
0.858585858586	1.61515264083e-06
0.868686868687	1.52567410701e-06
0.878787878788	1.43239023577e-06
0.888888888889	1.33525628673e-06
0.89898989899	1.23422780886e-06
0.909090909091	1.12926045162e-06
0.919191919192	1.02030990708e-06
0.929292929293	9.07331887939e-07
0.939393939394	7.90282117938e-07
0.949494949495	6.69116327242e-07
0.959595959596	5.43790249997e-07
0.969696969697	4.14259622994e-07
0.979797979798	2.80480184914e-07
0.989898989899	1.42407676028e-07
1.0	0.0


0.0	5.39230845691e-11
0.010101010101	1.82494068939e-07
0.020202020202	3.55106628762e-07
0.030303030303	5.11161499363e-07
0.040404040404	6.26117771461e-07
0.0505050505051	7.30285394337e-07
0.0606060606061	7.98290157134e-07
0.0707070707071	8.24614412956e-07
0.0808080808081	9.40964379737e-07
0.0909090909091	9.08025857173e-07
0.10101010101	8.37755768889e-07
0.111111111111	9.19521884027e-07
0.121212121212	8.07212170267e-07
0.131313131313	8.72192674851e-07
0.141414141414	9.36643103975e-07
0.151515151515	7.85015998448e-07
0.161616161616	8.34635205933e-07
0.171717171717	8.83714925177e-07
0.181818181818	7.14708757115e-07
0.191919191919	7.51464577287e-07
0.20202020202	7.87741077731e-07
0.212121212121	6.19829527609e-07
0.222222222222	6.46345546531e-07
0.232323232323	6.72457346886e-07
0.242424242424	6.98131768048e-07
0.252525252525	5.36897503526e-07
0.262626262626	5.55213825704e-07
0.272727272727	5.73214627153e-07
0.282828282828	5.90837501916e-07
0.292929292929	6.08063723871e-07
0.30303030303	4.59081742639e-07
0.313131313131	4.7104106285e-07
0.323232323232	4.82765099197e-07
0.333333333333	4.94161503782e-07
0.343434343434	5.05217242602e-07
0.353535353535	5.15918093817e-07
0.363636363636	3.83894442376e-07
0.373737373737	3.90955064844e-07
0.383838383838	3.97943273737e-07
0.393939393939	4.04649302127e-07
0.40404040404	4.11062675568e-07
0.414141414141	4.17174733248e-07
0.424242424242	4.22975360236e-07
0.434343434343	4.28410162338e-07
0.444444444444	3.14487823798e-07
0.454545454545	3.17984365814e-07
0.464646464646	3.21242945261e-07
0.474747474747	3.24252127806e-07
0.484848484848	3.27005361733e-07
0.494949494949	3.29496602893e-07
0.505050505051	3.31719400261e-07
0.515151515152	3.33663729206e-07
0.525252525253	2.4266633725e-07
0.535353535354	2.43311949254e-07
0.545454545455	2.44100710788e-07
0.555555555556	2.44681785193e-07
0.565656565657	2.45047445227e-07
0.575757575758	2.45192923377e-07
0.585858585859	2.45113926084e-07
0.59595959596	2.44806208717e-07
0.606060606061	2.44265277844e-07
0.616161616162	2.43485316878e-07
0.626262626263	2.42444675655e-07
0.636363636364	1.7386198116e-07
0.646464646465	1.72754393991e-07
0.656565656566	1.71481620296e-07
0.666666666667	1.7002681742e-07
0.676767676768	1.68385481699e-07
0.686868686869	1.6655429682e-07
0.69696969697	1.64530215896e-07
0.707070707071	1.62310264324e-07
0.717171717172	1.59891457171e-07
0.727272727273	1.57270698527e-07
0.737373737374	1.54444463624e-07
0.747474747475	1.51406799327e-07
0.757575757576	1.48026985431e-07
0.767676767677	1.04122475838e-07
0.777777777778	1.01473779689e-07
0.787878787879	9.867397564e-08
0.79797979798	9.57163176158e-08
0.808080808081	9.25978959063e-08
0.818181818182	8.93163856918e-08
0.828282828283	8.58696220782e-08
0.838383838384	8.22554968499e-08
0.848484848485	7.84719229669e-08
0.858585858586	7.45168167358e-08
0.868686868687	7.03880806357e-08
0.878787878788	6.6083568578e-08
0.888888888889	6.16009691717e-08
0.89898989899	5.69371537491e-08
0.909090909091	5.20740247192e-08
0.919191919192	3.38298568374e-08
0.929292929293	3.00787346952e-08
0.939393939394	2.61972276309e-08
0.949494949495	2.21801798517e-08
0.959595959596	1.80255684964e-08
0.969696969697	1.37317611203e-08
0.979797979798	9.29722541347e-09
0.989898989899	4.7204650319e-09
1.0	0.0


0.0	1.39135126677e-10
0.010101010101	4.61624029653e-08
0.020202020202	9.24356215462e-08
0.030303030303	1.38652172425e-07
0.040404040404	1.84783707728e-07
0.0505050505051	2.30801879584e-07
0.0606060606061	2.76678340122e-07
0.0707070707071	3.22384741469e-07
0.0808080808081	3.67892735747e-07
0.0909090909091	4.13173975064e-07
0.10101010101	4.58192676655e-07
0.111111111111	5.02934635718e-07
0.121212121212	5.47360050197e-07
0.131313131313	5.91449692129e-07
0.141414141414	6.35170848577e-07
0.151515151515	6.78464292645e-07
0.161616161616	7.21361485231e-07
0.171717171717	7.63805169705e-07
0.181818181818	8.05726633618e-07
0.191919191919	8.47176193508e-07
0.20202020202	8.88087236094e-07
0.212121212121	9.28351358652e-07
0.222222222222	9.68096904141e-07
0.232323232323	1.00721895659e-06
0.242424242424	1.04568916972e-06
0.252525252525	1.08334100633e-06
0.262626262626	1.12041776498e-06
0.272727272727	1.15675777523e-06
0.282828282828	1.19233267718e-06
0.292929292929	1.2271141295e-06
0.30303030303	1.26083096041e-06
0.313131313131	1.29393406378e-06
0.323232323232	1.32615893714e-06
0.333333333333	1.35747718622e-06
0.343434343434	1.38786047579e-06
0.353535353535	1.41728046836e-06
0.363636363636	1.44528876871e-06
0.373737373737	1.47268894243e-06
0.383838383838	1.49904139851e-06
0.393939393939	1.52431754849e-06
0.40404040404	1.54848906384e-06
0.414141414141	1.57152761798e-06
0.424242424242	1.59340488095e-06
0.434343434343	1.61409243085e-06
0.444444444444	1.6328455719e-06
0.454545454545	1.65106102697e-06
0.464646464646	1.66800247378e-06
0.474747474747	1.68364158728e-06
0.484848484848	1.6979500527e-06
0.494949494949	1.71089955612e-06
0.505050505051	1.72246178183e-06
0.515151515152	1.73260840112e-06
0.525252525253	1.7401603425e-06
0.535353535354	1.74738469395e-06
0.545454545455	1.75311089624e-06
0.555555555556	1.75730929447e-06
0.565656565657	1.75995158119e-06
0.575757575758	1.76100945977e-06
0.585858585859	1.76045463514e-06
0.59595959596	1.7582588122e-06
0.606060606061	1.7543936941e-06
0.616161616162	1.74883097561e-06
0.626262626263	1.74154225255e-06
0.636363636364	1.73077204022e-06
0.646464646465	1.71995750436e-06
0.656565656566	1.70733412187e-06
0.666666666667	1.69287353826e-06
0.676767676768	1.67654747765e-06
0.686868686869	1.65832767167e-06
0.69696969697	1.63818585358e-06
0.707070707071	1.616093757e-06
0.717171717172	1.59202311527e-06
0.727272727273	1.56594566042e-06
0.737373737374	1.53783311975e-06
0.747474747475	1.50765719407e-06
0.757575757576	1.47538825898e-06
0.767676767677	1.43883899028e-06
0.777777777778	1.40235829078e-06
0.787878787879	1.36370452655e-06
0.79797979798	1.32284942288e-06
0.808080808081	1.2797647474e-06
0.818181818182	1.23442227415e-06
0.828282828283	1.18679377889e-06
0.838383838384	1.13685103803e-06
0.848484848485	1.08456582814e-06
0.858585858586	1.02990992575e-06
0.868686868687	9.72855107084e-07
0.878787878788	9.13373147411e-07
0.888888888889	8.51435818841e-07
0.89898989899	7.87014878005e-07
0.909090909091	7.20081800616e-07
0.919191919192	6.49141105265e-07
0.929292929293	5.77262631089e-07
0.939393939394	5.02793631253e-07
0.949494949495	4.25705875972e-07
0.959595959596	3.45971195543e-07
0.969696969697	2.63561427733e-07
0.979797979798	1.78448412226e-07
0.989898989899	9.06039894091e-08
1.0	0.0


0.0	1.39135319877e-10
0.010101010101	3.2888968203e-07
0.020202020202	6.57648448878e-07
0.030303030303	9.85638011295e-07
0.040404040404	1.31290881607e-06
0.0505050505051	1.63894168085e-06
0.0606060606061	1.9632445773e-06
0.0707070707071	2.28514435734e-06
0.0808080808081	2.60368072337e-06
0.0909090909091	2.92404176934e-06
0.10101010101	3.23528209673e-06
0.111111111111	3.53909488271e-06
0.121212121212	3.85166846368e-06
0.131313131313	4.16184453338e-06
0.141414141414	4.44679779375e-06
0.151515151515	4.75004977739e-06
0.161616161616	5.01221626332e-06
0.171717171717	5.30707408579e-06
0.181818181818	5.59858491343e-06
0.191919191919	5.82076191303e-06
0.20202020202	6.10180205542e-06
0.212121212121	6.37895505343e-06
0.222222222222	6.65201746981e-06
0.232323232323	6.80712122542e-06
0.242424242424	7.06707539255e-06
0.252525252525	7.32243797388e-06
0.262626262626	7.5730118133e-06
0.272727272727	7.8185922868e-06
0.282828282828	7.86657546697e-06
0.292929292929	8.09601955426e-06
0.30303030303	8.32004474668e-06
0.313131313131	8.53846090478e-06
0.323232323232	8.75107637076e-06
0.333333333333	8.65121679422e-06
0.343434343434	8.84478749419e-06
0.353535353535	9.03225500553e-06
0.363636363636	9.21340514687e-06
0.373737373737	9.38805501625e-06
0.383838383838	9.55602130867e-06
0.393939393939	9.71709841493e-06
0.40404040404	9.39622886168e-06
0.414141414141	9.53598836019e-06
0.424242424242	9.66871777554e-06
0.434343434343	9.79423119594e-06
0.444444444444	9.91235455316e-06
0.454545454545	1.00229143458e-05
0.464646464646	1.01257341446e-05
0.474747474747	1.02205924094e-05
0.484848484848	9.62670947959e-06
0.494949494949	9.70007957296e-06
0.505050505051	9.76561182961e-06
0.515151515152	9.82312291529e-06
0.525252525253	9.87244907141e-06
0.535353535354	9.91342848342e-06
0.545454545455	9.94589929404e-06
0.555555555556	9.96969781237e-06
0.565656565657	9.98464801953e-06
0.575757575758	9.11288787659e-06
0.585858585859	9.10820366609e-06
0.59595959596	9.09680685565e-06
0.606060606061	9.0767918439e-06
0.616161616162	9.04799862793e-06
0.626262626263	9.0102779234e-06
0.636363636364	8.96348219771e-06
0.646464646465	8.90746426097e-06
0.656565656566	8.84207666279e-06
0.666666666667	8.76717065499e-06
0.676767676768	8.68259149668e-06
0.686868686869	8.58811704352e-06
0.69696969697	7.52185977081e-06
0.707070707071	7.42031376465e-06
0.717171717172	7.30976725094e-06
0.727272727273	7.19001880802e-06
0.737373737374	7.06093054329e-06
0.747474747475	6.92237041216e-06
0.757575757576	6.77420770147e-06
0.767676767677	6.61631210145e-06
0.777777777778	6.44855339036e-06
0.787878787879	6.27080122083e-06
0.79797979798	6.08292475592e-06
0.808080808081	5.8847915047e-06
0.818181818182	5.67626106342e-06
0.828282828283	5.45707020835e-06
0.838383838384	4.49206529528e-06
0.848484848485	4.28539780148e-06
0.858585858586	4.06941970899e-06
0.868686868687	3.8439733222e-06
0.878787878788	3.60894062855e-06
0.888888888889	3.36420821285e-06
0.89898989899	3.10966380411e-06
0.909090909091	2.84519552879e-06
0.919191919192	2.57069168172e-06
0.929292929293	2.28604063932e-06
0.939393939394	1.99113082173e-06
0.949494949495	1.68585067446e-06
0.959595959596	1.37008865874e-06
0.969696969697	1.0437332463e-06
0.979797979798	7.06672916326e-07
0.989898989899	3.58796154298e-07
1.0	0.0


0.0	1.39135446651e-10
0.010101010101	4.59794623419e-07
0.020202020202	8.9469582809e-07
0.030303030303	1.28787940612e-06
0.040404040404	1.57751642226e-06
0.0505050505051	1.83996764986e-06
0.0606060606061	2.0113076968e-06
0.0707070707071	2.07763645672e-06
0.0808080808081	2.37077269406e-06
0.0909090909091	2.28778875799e-06
0.10101010101	2.11076362053e-06
0.111111111111	2.31675273064e-06
0.121212121212	2.03382112e-06
0.131313131313	2.19750780205e-06
0.141414141414	2.35987795212e-06
0.151515151515	1.97787032133e-06
0.161616161616	2.10287951686e-06
0.171717171717	2.22650818869e-06
0.181818181818	1.80073193231e-06
0.191919191919	1.8933315764e-06
0.20202020202	1.98472114022e-06
0.212121212121	1.56170326532e-06
0.222222222222	1.62848786393e-06
0.232323232323	1.6942712686e-06
0.242424242424	1.75894949848e-06
0.252525252525	1.35281407115e-06
0.262626262626	1.39888457417e-06
0.272727272727	1.44423121372e-06
0.282828282828	1.48862735722e-06
0.292929292929	1.53201910262e-06
0.30303030303	1.15681089224e-06
0.313131313131	1.18681369629e-06
0.323232323232	1.21634484e-06
0.333333333333	1.24505393283e-06
0.343434343434	1.27290423171e-06
0.353535353535	1.29985429688e-06
0.363636363636	9.67555406602e-07
0.373737373737	9.85040062095e-07
0.383838383838	1.00263758554e-06
0.393939393939	1.01952920364e-06
0.40404040404	1.03568428494e-06
0.414141414141	1.05107936954e-06
0.424242424242	1.06568524782e-06
0.434343434343	1.07929763018e-06
0.444444444444	7.92390170855e-07
0.454545454545	8.01183855714e-07
0.464646464646	8.09388589027e-07
0.474747474747	8.16966979073e-07
0.484848484848	8.2390094129e-07
0.494949494949	8.30174398151e-07
0.505050505051	8.35769663302e-07
0.515151515152	8.40654919935e-07
0.525252525253	6.11947436909e-07
0.535353535354	6.13057161837e-07
0.545454545455	6.15032573352e-07
0.555555555556	6.16491926437e-07
0.565656565657	6.17410317339e-07
0.575757575758	6.17774545805e-07
0.585858585859	6.17573285717e-07
0.59595959596	6.16795404413e-07
0.606060606061	6.15428785462e-07
0.616161616162	6.13456080486e-07
0.626262626263	6.10797334071e-07
0.636363636364	4.38099999114e-07
0.646464646465	4.35278775639e-07
0.656565656566	4.32065014858e-07
0.666666666667	4.28396189173e-07
0.676767676768	4.24258562708e-07
0.686868686869	4.19643094647e-07
0.69696969697	4.14541809539e-07
0.707070707071	4.08947017765e-07
0.717171717172	4.02850988867e-07
0.727272727273	3.96245553556e-07
0.737373737374	3.89120846786e-07
0.747474747475	3.81457401468e-07
0.757575757576	3.72742479188e-07
0.767676767677	2.62366449383e-07
0.777777777778	2.55679806631e-07
0.787878787879	2.48621223817e-07
0.79797979798	2.4116695493e-07
0.808080808081	2.33308423882e-07
0.818181818182	2.25039367371e-07
0.828282828283	2.16354154477e-07
0.838383838384	2.07247378399e-07
0.848484848485	1.97713716069e-07
0.858585858586	1.87747857653e-07
0.868686868687	1.77344438641e-07
0.878787878788	1.66497902482e-07
0.888888888889	1.55202038994e-07
0.89898989899	1.4344740639e-07
0.909090909091	1.31165376807e-07
0.919191919192	8.52508973348e-08
0.929292929293	7.57906693886e-08
0.939393939394	6.60085015994e-08
0.949494949495	5.58861114785e-08
0.959595959596	4.54176048858e-08
0.969696969697	3.45986314747e-08
0.979797979798	2.3425236853e-08
0.989898989899	1.1893608845e-08
1.0	0.0


