0.0	0.0	-0.0	0.0	-0.0	0.0	-0.0	0.0	-0.0	0.0	
0.0	0.0	-0.0	0.0	-0.0	0.0	-0.0	0.0	-0.0	0.0	
0.0	0.0	-0.0	0.0	-0.0	0.0	-0.0	0.0	-0.0	0.0	
0.0	0.0	-0.0	0.0	-0.0	0.0	-0.0	0.0	-0.0	0.0	
0.0	0.0	-0.0	0.0	-0.0	0.0	-0.0	0.0	-0.0	0.0	
0.0	0.0	-0.0	0.0	-0.0	0.0	-0.0	0.0	-0.0	0.0	
0.0	0.0	-0.0	0.0	-0.0	0.0	-0.0	0.0	-0.0	0.0	
0.0	0.0	-0.0	0.0	-0.0	0.0	-0.0	0.0	-0.0	0.0	
0.0	0.0	-0.0	0.0	-0.0	0.0	-0.0	0.0	-0.0	0.0	
0.0	0.0	-0.0	0.0	-0.0	0.0	-0.0	0.0	-0.0	0.0	
0.0	0.0	-0.0	0.0	-0.0	0.0	-0.0	0.0	-0.0	0.0	
0.0	0.0	-0.0	0.0	-0.0	0.0	-0.0	0.0	-0.0	0.0	
0.0	0.0	-0.0	0.0	-0.0	0.0	-0.0	0.0	-0.0	0.0	
0.0	0.0	-0.0	0.0	-0.0	0.0	-0.0	0.0	-0.0	0.0	
0.0	0.0	-0.0	0.0	-0.0	0.0	-0.0	0.0	-0.0	0.0	
0.0	0.0	-0.0	0.0	-0.0	0.0	-0.0	0.0	-0.0	0.0	
0.0	0.0	-0.0	0.0	-0.0	0.0	-0.0	0.0	-0.0	0.0	
0.0	0.0	-0.0	0.0	-0.0	0.0	-0.0	0.0	-0.0	0.0	
0.0	0.0	0.0	0.0	-0.0	0.0	-0.0	0.0	-0.0	0.0	
0.0	0.0	0.0	0.0	-0.0	0.0	-0.0	0.0	-0.0	0.0	
0.0	0.0	0.0	0.0	-0.0	0.0	-0.0	0.0	-0.0	0.0	
0.0	0.0	0.0	0.0	-0.0	0.0	-0.0	0.0	-0.0	0.0	
0.0	0.0	0.0	0.0	-0.0	0.0	-0.0	0.0	-0.0	0.0	
0.0	0.0	0.0	0.0	-0.0	0.0	-0.0	0.0	-0.0	0.0	
0.0	0.0	0.0	0.0	-0.0	0.0	-0.0	0.0	-0.0	0.0	
0.0	0.0	0.0	0.0	-0.0	0.0	-0.0	0.0	-0.0	0.0	
0.0	0.0	0.0	0.0	-0.0	0.0	-0.0	0.0	-0.0	0.0	
0.0	0.0	0.0	0.0	-0.0	0.0	-0.0	0.0	-0.0	0.0	
0.0	0.0	0.0	0.0	-0.0	0.0	-0.0	0.0	-0.0	0.0	
0.0	0.0	0.0	0.0	-0.0	0.0	-0.0	0.0	-0.0	0.0	
0.0	0.0	0.0	0.0	-0.0	0.0	-0.0	0.0	-0.0	0.0	
0.0	0.0	0.0	0.0	-0.0	0.0	-0.0	0.0	-0.0	0.0	
0.0	0.0	0.0	0.0	-0.0	0.0	-0.0	0.0	-0.0	0.0	
0.0	0.0	0.0	0.0	-0.0	0.0	-0.0	0.0	-0.0	0.0	
0.0	0.0	0.0	0.0	-0.0	0.0	-0.0	0.0	-0.0	0.0	
0.0	0.0	0.0	0.0	-0.0	0.0	-0.0	0.0	-0.0	0.0	
0.0	0.0	0.0	0.0	-0.0	0.0	-0.0	0.0	-0.0	0.0	
0.0	0.0	0.0	0.0	-0.0	0.0	-0.0	0.0	-0.0	0.0	
0.0	0.0	0.0	0.0	-0.0	0.0	-0.0	0.0	-0.0	0.0	
0.0	0.0	0.0	0.0	-0.0	0.0	-0.0	0.0	-0.0	0.0	
0.0	0.0	0.0	0.0	-0.0	0.0	-0.0	0.0	0.0	0.0	
0.0	0.0	0.0	0.0	-0.0	0.0	-0.0	0.0	0.0	0.0	
0.0	0.0	0.0	0.0	-0.0	0.0	-0.0	0.0	0.0	0.0	
0.0	0.0	0.0	0.0	-0.0	0.0	-0.0	0.0	0.0	0.0	
0.0	0.0	0.0	0.0	-0.0	0.0	-0.0	0.0	0.0	0.0	
0.0	0.0	0.0	0.0	-0.0	0.0	-0.0	0.0	0.0	0.0	
0.0	0.0	0.0	0.0	-0.0	0.0	-0.0	0.0	0.0	0.0	
0.0	0.0	0.0	0.0	-0.0	0.0	-0.0	0.0	0.0	0.0	
0.0	0.0	0.0	0.0	-0.0	0.0	-0.0	0.0	0.0	0.0	
0.0	0.0	0.0	0.0	-0.0	0.0	-0.0	0.0	0.0	0.0	
0.0	0.0	0.0	0.0	-0.0	0.0	-0.0	0.0	0.0	0.0	
0.0	0.0	0.0	0.0	-0.0	0.0	-0.0	0.0	0.0	0.0	
0.0	0.0	0.0	0.0	-0.0	0.0	-0.0	0.0	0.0	0.0	
0.0	0.0	0.0	0.0	-0.0	0.0	-0.0	0.0	0.0	0.0	
0.0	0.0	0.0	0.0	0.0	0.0	-0.0	0.0	0.0	0.0	
0.0	0.0	0.0	0.0	nan	0.0	-0.0	0.0	0.0	0.0	
0.0	0.0	0.0	0.0	0.0	0.0	-0.0	0.0	0.0	0.0	
0.0	0.0	0.0	0.0	nan	0.0	-0.0	0.0	0.0	0.0	
0.0	0.0	0.0	0.0	-0.0	0.0	0.0	0.0	0.0	0.0	
0.0	0.0	0.0	0.0	-0.0	0.0	-0.0	0.0	0.0	0.0	
0.0	0.0	0.0	0.0	-0.0	0.0	0.0	0.0	0.0	0.0	
0.0	0.0	0.0	0.0	-0.0	0.0	0.0	0.0	0.0	0.0	
0.0	0.0	0.0	0.0	-0.0	0.0	0.0	0.0	0.0	0.0	
0.0	0.0	0.0	0.0	0.0	0.0	0.0	0.0	0.0	0.0	
0.0	0.0	0.0	0.0	0.0	0.0	0.0	0.0	0.0	0.0	
0.0	0.0	0.0	0.0	0.0	0.0	0.0	0.0	0.0	0.0	
0.0	0.0	0.0	0.0	0.0	0.0	0.0	0.0	0.0	0.0	
0.0	0.0	0.0	0.0	0.0	0.0	0.0	0.0	0.0	0.0	
0.0	0.0	0.0	0.0	0.0	0.0	0.0	0.0	0.0	0.0	
0.0	0.0	0.0	0.0	0.0	0.0	0.0	0.0	0.0	0.0	
0.0	0.0	0.0	0.0	0.0	0.0	0.0	0.0	0.0	0.0	
0.0	0.0	0.0	0.0	0.0	0.0	0.0	0.0	0.0	0.0	
0.0	0.0	0.0	0.0	0.0	0.0	0.0	0.0	0.0	0.0	
0.0	0.0	0.0	0.0	nan	0.0	0.0	0.0	0.0	0.0	
0.0	0.0	0.0	0.0	0.0	0.0	0.0	0.0	0.0	0.0	
0.0	0.0	0.0	0.0	0.0	0.0	0.0	0.0	0.0	0.0	
0.0	0.0	0.0	0.0	0.0	0.0	0.0	0.0	0.0	0.0	
0.0	0.0	0.0	0.0	0.0	0.0	0.0	0.0	0.0	0.0	
0.0	0.0	0.0	0.0	0.0	0.0	0.0	0.0	0.0	0.0	
0.0	0.0	0.0	0.0	0.0	0.0	0.0	0.0	0.0	0.0	
0.0	0.0	0.0	0.0	0.0	0.0	0.0	0.0	0.0	0.0	
0.0	0.0	0.0	0.0	0.0	0.0	0.0	0.0	0.0	0.0	
0.0	0.0	0.0	0.0	0.0	0.0	0.0	0.0	0.0	0.0	
0.0	0.0	0.0	0.0	0.0	0.0	0.0	0.0	0.0	0.0	
0.0	0.0	0.0	0.0	0.0	0.0	0.0	0.0	0.0	0.0	
0.0	0.0	0.0	0.0	0.0	0.0	0.0	0.0	0.0	0.0	
0.0	0.0	0.0	0.0	0.0	0.0	0.0	0.0	0.0	0.0	
0.0	0.0	0.0	0.0	0.0	0.0	0.0	0.0	0.0	0.0	
0.0	0.0	0.0	0.0	0.0	0.0	0.0	0.0	0.0	0.0	
0.0	0.0	0.0	0.0	0.0	0.0	0.0	0.0	0.0	0.0	
0.0	0.0	0.0	0.0	0.0	0.0	0.0	0.0	0.0	0.0	
0.0	0.0	0.0	0.0	0.0	0.0	0.0	0.0	0.0	0.0	
0.0	0.0	0.0	0.0	0.0	0.0	0.0	0.0	0.0	0.0	
0.0	0.0	0.0	0.0	0.0	0.0	0.0	0.0	0.0	0.0	
0.0	0.0	0.0	0.0	0.0	0.0	0.0	0.0	0.0	0.0	
0.0	0.0	0.0	0.0	0.0	0.0	0.0	0.0	0.0	0.0	
0.0	0.0	0.0	0.0	0.0	0.0	0.0	0.0	0.0	0.0	
0.0	0.0	0.0	0.0	0.0	0.0	0.0	0.0	0.0	0.0	
0.0	0.0	0.0	0.0	0.0	0.0	0.0	0.0	0.0	0.0	
0.0	0.0	0.0	0.0	0.0	0.0	0.0	0.0	0.0	0.0	
0.0	0.0	0.0	0.0	0.0	0.0	0.0	0.0	0.0	0.0	
0.0	0.0	0.0	0.0	0.0	0.0	0.0	0.0	0.0	0.0	
0.0	0.0	0.0	0.0	0.0	0.0	0.0	0.0	0.0	0.0	
0.0	0.0	0.0	0.0	0.0	0.0	0.0	0.0	0.0	0.0	
0.0	0.0	0.0	0.0	0.0	0.0	0.0	0.0	0.0	0.0	
0.0	0.0	0.0	0.0	0.0	0.0	0.0	0.0	0.0	0.0	
0.0	0.0	0.0	0.0	0.0	0.0	0.0	0.0	0.0	0.0	
0.0	0.0	0.0	0.0	0.0	0.0	0.0	0.0	0.0	0.0	
0.0	0.0	0.0	0.0	0.0	0.0	0.0	0.0	0.0	0.0	
0.0	0.0	0.0	0.0	0.0	0.0	0.0	0.0	0.0	0.0	
0.0	0.0	0.0	0.0	0.0	0.0	0.0	0.0	0.0	0.0	
0.0	0.0	0.0	0.0	0.0	0.0	0.0	0.0	0.0	0.0	
0.0	0.0	0.0	0.0	0.0	0.0	0.0	0.0	0.0	0.0	
0.0	0.0	0.0	0.0	0.0	0.0	0.0	0.0	0.0	0.0	
0.0	0.0	0.0	0.0	0.0	0.0	0.0	0.0	0.0	0.0	
0.0	0.0	0.0	0.0	0.0	0.0	0.0	0.0	0.0	0.0	
0.0	0.0	0.0	0.0	0.0	0.0	0.0	0.0	0.0	0.0	
0.0	0.0	0.0	0.0	0.0	0.0	0.0	0.0	0.0	0.0	
0.0	0.0	0.0	0.0	0.0	0.0	0.0	0.0	0.0	0.0	
0.0	0.0	0.0	0.0	0.0	0.0	0.0	0.0	0.0	0.0	
0.0	0.0	0.0	0.0	0.0	0.0	0.0	0.0	0.0	0.0	
0.0	0.0	0.0	0.0	0.0	0.0	0.0	0.0	0.0	0.0	
0.0	0.0	0.0	0.0	0.0	0.0	0.0	0.0	0.0	0.0	
0.0	0.0	0.0	0.0	0.0	0.0	0.0	0.0	0.0	0.0	
0.0	0.0	0.0	0.0	0.0	0.0	0.0	0.0	0.0	0.0	
0.0	0.0	0.0	0.0	0.0	0.0	0.0	0.0	0.0	0.0	
0.0	0.0	0.0	0.0	0.0	0.0	0.0	0.0	0.0	0.0	
0.0	0.0	0.0	0.0	0.0	0.0	0.0	0.0	0.0	0.0	
0.0	0.0	0.0	0.0	0.0	0.0	0.0	0.0	0.0	0.0	
0.0	0.0	0.0	0.0	0.0	0.0	0.0	0.0	0.0	0.0	
0.0	0.0	0.0	0.0	0.0	0.0	0.0	0.0	0.0	0.0	
0.0	0.0	0.0	0.0	0.0	0.0	0.0	0.0	0.0	0.0	
0.0	0.0	0.0	0.0	0.0	0.0	0.0	0.0	0.0	0.0	
0.0	0.0	0.0	0.0	0.0	0.0	0.0	0.0	0.0	0.0	
0.0	0.0	0.0	0.0	0.0	0.0	0.0	0.0	0.0	0.0	
0.0	0.0	0.0	0.0	0.0	0.0	0.0	0.0	0.0	0.0	
0.0	0.0	0.0	0.0	0.0	0.0	0.0	0.0	0.0	0.0	
0.0	0.0	0.0	0.0	0.0	0.0	0.0	0.0	0.0	0.0	
0.0	0.0	0.0	0.0	0.0	0.0	0.0	0.0	0.0	0.0	
0.0	0.0	0.0	0.0	0.0	0.0	0.0	0.0	0.0	0.0	
0.0	0.0	0.0	0.0	0.0	0.0	0.0	0.0	0.0	0.0	
0.0	0.0	0.0	0.0	0.0	0.0	0.0	0.0	0.0	0.0	
0.0	0.0	0.0	0.0	0.0	0.0	0.0	0.0	0.0	0.0	
0.0	0.0	0.0	0.0	0.0	0.0	0.0	0.0	0.0	0.0	
0.0	0.0	0.0	0.0	0.0	0.0	0.0	0.0	0.0	0.0	
0.0	0.0	0.0	0.0	0.0	0.0	0.0	0.0	0.0	0.0	
0.0	0.0	0.0	0.0	0.0	0.0	0.0	0.0	0.0	0.0	
0.0	0.0	0.0	0.0	0.0	0.0	0.0	0.0	0.0	0.0	
0.0	0.0	0.0	0.0	0.0	0.0	0.0	0.0	0.0	0.0	
0.0	0.0	0.0	0.0	0.0	0.0	0.0	0.0	0.0	0.0	
0.000231686392897	0.00023259443112	0.0	0.0	0.00946299881215	0.00947120786311	0.0	0.0	0.0	0.0	
0.000527204464211	0.000529270903011	0.0	0.0	0.0137116795456	0.0137234587447	0.0	0.0	0.0	0.0	
0.000631004231271	0.000633477681113	0.0	0.0	0.0154115536317	0.0154272264356	0.0	0.0	0.0	0.0	
0.00067118461404	0.000673815644293	0.0012313937158	0.00122878928145	0.0162615046995	0.0162831417806	0.0	0.0	0.0	0.0	
0.000949132974966	0.00095285352729	0.00211932808421	0.00211484931355	0.0249528704404	0.0249831110334	0.0	0.0	0.0	0.0	
0.00115839528085	0.00116293589428	0.00245918642564	0.00245399252358	0.0283830921659	0.028424058261	0.0	0.0	0.0	0.0	
0.0012407950969	0.00124565819848	0.00258486851269	0.00257941300147	0.0295871873222	0.029635151255	0.0	0.0	0.0	0.0	
0.00126676330379	0.00127172738808	0.00383744851773	0.00382935498342	0.031307141649	0.0313591190275	0.0	0.0	0.0	0.0	
0.00138034161182	0.0013857495521	0.00452262922102	0.00451309665088	0.0330507836163	0.033105605477	0.0	0.0	0.0	0.0	
0.0014113335704	0.00141686125892	0.00478286881754	0.0047727944029	0.0332559943388	0.0333141415011	0.0	0.0	0.0	0.0	
0.00139515920977	0.00140062141988	0.00496708631231	0.00495663089277	0.0325623330077	0.0326208699042	0.0	0.0	0.0	0.0	
0.00141332501728	0.00141885564068	0.00533142322507	0.00532020863101	0.0337827093469	0.0338457034523	0.0	0.0	0.0	0.0	
0.00143989002223	0.00144552119885	0.00541106229743	0.00539968827834	0.0338990257954	0.033963225753	0.0	0.0	0.0	0.0	
0.00142037651452	0.00142592729822	0.00532596720067	0.0053147798371	0.0331368636687	0.0331987675435	0.0	0.0	0.0	0.0	
0.00137327622147	0.00137863819498	0.00545554460532	0.00544409249113	0.0326251738023	0.0326894942664	0.0	0.0	0.0	0.0	
0.0013907394713	0.00139616390001	0.00551935063211	0.00550777309142	0.0327569478022	0.0328216490911	0.0	0.0	0.0	0.0	
0.00137240699841	0.00137775322428	0.00542212179289	0.00541075601343	0.032029755466	0.0320941803342	0.000624988802835	0.000622977067118	0.0	0.0	
0.00132719326938	0.00133227257287	0.00526818635165	0.00525682532821	0.03078808459	0.0308490141667	0.00108116668147	0.00107754568141	0.0	0.0	
0.00129494255694	0.00129988866292	0.00533324287505	0.00532174576364	0.0305841038294	0.0306439591514	0.00125542997117	0.0012512804098	0.0	0.0	
0.00128402914078	0.00128892240158	0.00524133237851	0.00523003753878	0.0300267207546	0.0300862101805	0.00131995897995	0.00131562581716	0.0	0.0	
0.00124556503061	0.00125029925021	0.0050552844675	0.00504439485878	0.0289416275146	0.0289992776161	0.00195722090649	0.00195084999613	0.0	0.0	
0.00119064760362	0.00119515939418	0.00497358141557	0.0049628716714	0.027874898362	0.027930763201	0.00230857357081	0.00230110865109	0.0	0.0	
0.00117500320238	0.00117944017935	0.00490984411154	0.00489927559711	0.0275720777647	0.0276278313351	0.00244215714512	0.00243430376108	0.0	0.0	
0.00114626413847	0.0011505751905	0.00474957988881	0.00473936029776	0.0267059469487	0.0267607752831	0.00253503539446	0.00252698873846	4.32272011724e-05	4.30612174124e-05	
0.00109992306605	0.00110404065906	0.00453190387887	0.00452215645218	0.0255054036609	0.0255575141117	0.00272197153672	0.00271337186998	7.22694978442e-05	7.19968216566e-05	
0.00105671577834	0.00106065048114	0.00450218445641	0.00449250471992	0.0249243104658	0.0249757774165	0.00276308872836	0.00275442900586	8.34820600573e-05	8.31682142056e-05	
0.00103951660324	0.00104336339326	0.00437867348639	0.00436926308677	0.0243162254124	0.0243662507608	0.00271999380474	0.00271142272823	8.75799279935e-05	8.72597706541e-05	
0.00100300573479	0.00100669097731	0.00419358630713	0.00418457739274	0.0233376956222	0.0233859731399	0.00278534902382	0.00277660691532	0.000130929868533	0.000130460734205	
0.000955054983427	0.000958535146759	0.00406134173908	0.00405262041233	0.0222304631301	0.0222765591249	0.00281840563688	0.00280959268945	0.000153536503452	0.00015298381874	
0.000931087999413	0.000934448475201	0.0039812437171	0.00397269801927	0.021902300285	0.0219477623649	0.00276904400872	0.00276040334871	0.00016204250003	0.000161470446009	
0.000905047685352	0.000908278045391	0.00383343884666	0.00382521388291	0.021159894151	0.0212039165932	0.00268965084443	0.00268124840027	0.000168697025639	0.000168115789946	
0.000866103736761	0.000869155344966	0.00364577779027	0.00363795877688	0.0201716280185	0.0202137891132	0.00272332827519	0.00271485822486	0.000180655502769	0.000180032824207	
0.000824072773468	0.000826932774846	0.0035792401297	0.00357156712463	0.0195368561305	0.0195775894565	0.00267667905208	0.00266836858045	0.000183130088592	0.00018250721586	
0.000808813097379	0.000811570948503	0.00347117717822	0.00346373904664	0.0190366934554	0.019076558456	0.0025818750609	0.00257384270133	0.000180116140173	0.000179507492276	
0.000778915137292	0.000781516417004	0.00331793391164	0.00331082729785	0.0182556050777	0.0182938981567	0.00253957305848	0.00253171567893	0.000184805816782	0.000184181598818	
0.000740366734265	0.00074277931366	0.00318464365015	0.00317782553919	0.0173116247765	0.017347830272	0.00250734243458	0.00249957442102	0.000186746510439	0.00018612361385	
0.00071561224097	0.000717877104101	0.00311763956147	0.00311096788696	0.0170014477364	0.0170371867673	0.00242566849653	0.00241817780282	0.000183322214243	0.00018271433853	
0.000694621184826	0.000696744162155	0.0029991864399	0.00299277116073	0.0164257791816	0.016460293884	0.00231461307717	0.00230748130848	0.00017842803167	0.000177831995886	
0.000663642736211	0.000665587260494	0.00285052896729	0.00284443444572	0.015659061625	0.015692024795	0.00229905726679	0.0022919753625	0.00018041474813	0.000179817108107	
0.000626899746152	0.00062864437793	0.00277833534131	0.00277239789709	0.0150680876007	0.0150998038845	0.00223618633423	0.00222929945811	0.000177166379702	0.000176586631132	
0.000613527713547	0.000615129566393	0.00269454087887	0.00268878515988	0.0146952663211	0.01472623616	0.00214178646404	0.00213520032611	0.000170787923174	0.00017022775309	
0.000589724295627	0.00059114485202	0.00257563988995	0.00257014069624	0.014100726387	0.014130480805	0.00207383697966	0.00206746483847	0.000168220930662	0.000167672219583	
0.000559117085777	0.00056033063272	0.0024555369276	0.00245029660158	0.0133772100348	0.0134054816351	0.00203314327684	0.00202690618748	0.000165923214139	0.000165384058938	
0.000535368314964	0.000536378885694	0.00240618447671	0.00240105186348	0.0130672599502	0.0130948800917	0.00195780222156	0.00195179734888	0.000160409272672	0.000159888340257	
0.000518221685467	0.000519024778761	0.00231625331472	0.0023113148354	0.0126397148223	0.0126664508838	0.00186205737172	0.00185634608326	0.00015298327346	0.000152486556519	
0.000493143390542	0.000493706918682	0.0022024527733	0.00219775911407	0.0120597510828	0.0120852823038	0.00182777438823	0.00182217676223	0.000152103939944	0.000151611260959	
0.000463431540611	0.000463731697243	0.00213460788372	0.00213006092156	0.0115387400208	0.0115631785526	0.00177274091883	0.00176731370238	0.000147821882869	0.000147343757851	
nan	0.000448183286285	0.00207289801311	0.0020684845357	0.0112740575124	0.0112979594322	0.00169457696046	0.00168939352521	0.000141490498958	0.000141031598217	
nan	0.000427431642943	0.00198319232459	0.001978971775	0.0108315208132	0.0108545027541	0.00162618590849	0.00162121279636	0.000137155590383	0.000136711240058	
nan	0.000401053928792	0.00187924654906	0.00187524902259	0.0102850275775	0.0103068664552	0.0015921339118	0.00158726956582	0.000134326119158	0.000133890924672	
nan	0.000376536452546	0.00184522381929	0.00184130041513	0.00999865299344	0.0100198981174	0.00153174943543	0.00152707190073	0.000129241221594	0.00012882242455	
nan	0.000358644139214	0.00177866561294	0.00177488538092	0.00968840812231	0.0097090058868	0.00145590165663	0.00145145752322	0.000122830854173	0.000122432425622	
nan	0.00033372084899	0.00169289824544	0.00168930183156	0.00925513736435	0.00927482792406	0.00141879968203	0.00141447090457	0.000120654814005	0.000120263195599	
nan	0.00030391780743	0.00163234618795	0.00162887984641	0.0088064463817	0.00882519475191	0.00137612661494	0.00137193095617	0.000116895706631	0.000116515799361	
nan	0.000279216536114	0.00158816964745	0.00158479845874	0.00862479529185	0.00864316557548	0.00131548330785	0.00131147459627	0.000111633079332	0.000111270076709	
nan	0.000247914575611	0.00152142039674	0.0015181921204	0.0082994516138	0.00831714539395	0.00125389398603	0.00125007480859	0.00010720705961	0.000106857951113	
nan	0.000201798733442	0.00144163558798	0.00143857769908	0.00788968885802	0.00790651760111	0.00122882640471	0.00122508505057	0.00010481032246	0.000104468320732	
nan	6.54091780628e-05	0.00141074587157	0.00140775449433	0.00763418591321	0.0076504805602	0.00118298801416	0.0011793876571	0.000100702548321	0.000100373026368	
nan	0.000208009771918	0.0013621878129	0.00135930026766	0.00741256681119	0.00742839931346	0.00112492899529	0.00112150692231	9.55919564632e-05	9.52781807261e-05	
nan	0.000190740780767	0.00129805826307	0.00129530738771	0.00709120443526	0.00710636014985	0.00109009880636	0.00108678438644	9.31625216699e-05	9.2855570105e-05	
nan	0.000175538591747	0.00124527894756	0.00124264051304	0.00671266386741	0.00672701818281	0.0010586841572	0.00105546679448	9.01951905286e-05	8.98968322713e-05	
nan	0.000165906016549	0.00121428191655	0.00121170960843	0.00658875557068	0.00660285483531	0.00101293840511	0.00100986150918	8.60627934993e-05	8.57766945739e-05	
nan	0.000157817551991	0.00116500430802	0.00116253668399	0.00635160449995	0.00636520563988	0.0009596553046	0.000956741513403	8.20166745467e-05	8.17423147188e-05	
nan	0.000148348894794	0.00110509665906	0.00110275605714	0.00604571160919	0.00605866661302	0.000942394338608	0.00093953451703	8.0168475847e-05	7.98984315229e-05	
nan	0.000138382433729	0.00107672451168	0.00107444396035	0.00582211125388	0.00583459517476	0.00090847965481	0.000905723933601	7.69751836491e-05	7.67137977549e-05	
nan	0.000133859607227	0.00104164151757	0.00103943504537	0.00566595537388	0.00567811200483	0.000864730253778	0.000862108541425	7.29921474174e-05	7.27419942756e-05	
nan	0.000127192397561	0.000993904060865	0.00099179828567	0.0054288013089	0.00544045656942	0.00083366760058	0.000831141165717	7.06171441626e-05	7.03724889012e-05	
nan	0.000119331478786	0.000948497118737	0.000946486917194	0.00514483489832	0.00515588827892	0.000811194855416	0.000808737666115	6.83178209689e-05	6.80782306453e-05	
nan	0.000113342360221	0.000927126335706	0.000925160558204	0.00502935028193	0.00504016269834	0.00077716670064	0.000774813731344	6.50935357172e-05	6.48618937536e-05	
nan	0.000108473670897	0.000890928646704	0.000889038506026	0.00485773640455	0.00486818682961	0.000736463358289	0.000734234670512	6.14932378576e-05	6.12706736657e-05	
nan	0.000102000886476	0.000846054239947	0.00084425794227	0.00463012141264	0.00464008863791	0.000720595891552	0.000718416225981	6.0037936802e-05	5.98163768334e-05	
nan	9.45452629245e-05	0.000820612236909	0.000818868300751	0.00443689461788	0.00444645238879	0.000695868816361	0.000693764977968	5.75100239696e-05	5.72928542881e-05	
nan	8.99583383725e-05	0.000795447630516	0.000793705774877	0.00432844529528	0.00433750859704	0.000663169305896	0.000661124480731	5.43479146393e-05	5.4132708548e-05	
nan	8.35857377324e-05	0.000759995153447	0.000758328006233	0.00415419538126	0.00416289679916	0.000636114773085	0.000634153866725	5.20423267661e-05	5.18295420999e-05	
nan	7.46179094944e-05	0.000721245095332	0.000719659720077	0.00394163776005	0.00394989686792	0.00062037026061	0.000618458310313	5.01318004501e-05	4.99189287391e-05	
nan	0.000148055108063	0.000706751128995	0.000705193934977	0.00383695650959	0.00384499917276	0.000595266689197	0.000593432529549	nan	4.72625156469e-05	
nan	0.000201012142693	0.000680230252781	0.000678727387842	0.00371367649008	0.00372146354828	0.000564719207386	0.000562979587117	nan	4.41668658209e-05	
nan	0.000230498373842	0.000646631927494	0.000645198775351	0.00354478604992	0.00355222170063	0.000550174519189	0.00054848010493	nan	4.25544462899e-05	
nan	0.000250055994378	0.000624137804289	0.000622749464292	0.00337934607007	0.00338643730125	0.000532334931767	0.000530695827848	nan	4.02521533968e-05	
nan	0.000272786936527	0.000606155488809	0.000604801491205	0.00330532029018	0.00331225868191	0.000508015246686	0.000506451388632	nan	3.73946999696e-05	
nan	0.000291816061386	0.000579815912463	0.000578514502592	0.00317784285595	0.00318451611849	0.000484764993087	0.000483273046796	nan	3.4783120007e-05	
nan	0.000305416129258	0.000548673151943	0.000547434819273	0.00301904581439	0.00302538797046	0.000473948528383	0.000472490197467	nan	3.24956266157e-05	
nan	0.000317902854989	0.000537178531985	0.000535958434148	0.00292598199683	0.00293213092934	0.000455539194623	0.000454137820753	nan	2.93848786768e-05	
nan	0.000337499091453	0.000517706381374	0.000516521939212	0.00283814390687	0.00284411043215	0.000432685038494	0.000431354259919	nan	2.54712318348e-05	
nan	0.000351150151528	0.000492471638793	0.000491335519537	0.00271317808488	0.00271888400721	0.00041968137695	0.000418390869936	nan	2.09682387012e-05	
nan	0.000360168431251	0.000472710436462	0.000471609474774	0.00257255614287	0.00257796826712	0.000406930368516	0.000405679322839	nan	1.86185318311e-05	
0.000375036413234	0.000376591188866	0.0004597819801	0.000458699404591	0.00252314139512	0.00252845146685	0.000388908835238	0.000387713426598	nan	1.47988405677e-05	
0.000391327652826	0.000392892170814	0.00044007739946	0.000439028236951	0.00243031569335	0.00243543223834	0.000369104185217	0.000367969862412	nan	1.35387377242e-05	
0.000401953936022	0.00040351205296	0.000416448124877	0.000415441064577	0.0023119106851	0.00231677963752	0.000361836567252	0.000360724766512	nan	1.28556617286e-05	
0.000409680154767	0.00041122679059	0.000405516817225	0.000404520112076	0.00223036533465	0.00223506414044	0.000348405895867	0.000347335532055	nan	1.2096032819e-05	
0.00043074262012	0.000432332255442	0.000390998962145	0.000390019913928	0.00216837799909	0.0021729477012	0.000331346945351	0.00033032913359	nan	1.13025596495e-05	
0.000444517906132	0.000446126571745	0.000371801960375	0.000370851001303	0.00207618601201	0.00208056280192	0.000319911826081	0.000318929255275	nan	1.08365046821e-05	
0.000452810967664	0.000454422139404	0.00035436507417	0.00035343645124	0.00196659649966	0.00197074349934	0.000310884301231	0.000309929547733	nan	1.0392790185e-05	
0.000468132108637	0.000469773534687	0.00034471406335	0.000343785323146	0.00192537437274	0.00192943558357	0.00029757066119	0.000296656857315	nan	9.84389231966e-06	
0.000486750561271	0.000488435658283	0.000329583471076	0.00032866687299	0.00185813266256	0.00186205304909	0.000281791854135	0.000280926536698	nan	9.28950604773e-06	
0.000498322217382	0.000500028348895	0.0003112517589	0.000310354130757	0.00177002158679	0.0017737569352	0.000276062130171	0.000275214404362	nan	9.045343249e-06	
0.000504571666047	0.000506282575482	0.000300633614639	0.000299729767875	0.00169936965338	0.00170295662666	0.000266311277822	0.00026549345818	nan	8.66106605696e-06	
0.000528499288865	0.000530276273601	0.000289171736708	0.000288259818912	0.00165613053975	0.00165962682414	0.000253601030506	0.000252822168966	nan	8.19845504283e-06	
0.000544817557847	0.000546635948072	0.000273904746906	0.000272992194672	0.00158833317056	0.00159168674802	0.000243663699095	0.000242915243869	nan	7.89584326355e-06	
0.000554314324262	0.000556152507032	0.000258026553133	0.000257110659269	0.00150627960748	0.00150946018302	0.000237336851466	0.00023660767153	nan	7.64396157382e-06	
0.00056908758147	0.000570964110725	nan	0.000248774872392	0.00146862598179	0.0014717271217	0.000227526242201	0.000226826999221	nan	7.29352917266e-06	
0.000592012169857	0.000593954632891	nan	0.000235966832953	0.00142020273338	0.00142320149966	0.000215696048566	0.000215032911896	nan	6.8884152078e-06	
0.000606084992102	0.000608064989161	nan	0.000220450889833	0.00135476968555	0.00135762996366	0.000210423650814	0.000209776414669	nan	6.74171166024e-06	
0.00061354057932	0.000615537277921	nan	0.000208787973276	0.00129410204371	0.00129683369608	0.000203374722283	0.000202748798136	nan	6.48885287435e-06	
0.000639230020171	0.000641303331825	nan	0.000197386775483	0.00126436820747	0.00126703631087	0.000193914622932	0.000193317383927	nan	6.16759383779e-06	
0.000659588031888	0.000661721044959	nan	0.000182476623282	0.00121467802653	0.00121724023332	0.000185352390345	0.0001847810262	nan	5.9258288618e-06	
0.000671410016491	0.000673575599429	nan	0.000165036719789	0.00115332365896	0.00115575515185	0.000180961872669	0.000180403463166	nan	5.76182877219e-06	
0.000685305151029	0.000687510467351	nan	0.000151850152102	0.00111961490973	0.0011219737358	0.000173742084619	0.000173205292495	nan	5.51598366582e-06	
0.000714206686266	0.000716500341883	nan	0.000132195572329	0.00108496955345	0.00108725345551	0.000164870827725	0.000164360702643	nan	5.22331376402e-06	
0.000731988109534	0.000734334652265	nan	0.000101784361501	0.00103647347829	0.00103865303179	0.000160108694881	0.000159612456901	nan	5.09777549462e-06	
0.000741507291364	0.000743880577665	nan	8.61569855853e-05	0.000984750373938	0.000986818558349	0.000155023097586	0.000154541659879	nan	4.92158297716e-06	
0.000768903605607	0.000771361118484	nan	7.77443113733e-05	0.000964657410264	0.000966680338456	0.000147975912615	0.00014751528718	nan	4.68874206451e-06	
0.000794745390699	0.000797282334605	nan	7.14647710033e-05	0.000928356923089	0.000930300227338	0.000140638438847	0.000140199463925	nan	4.48615366609e-06	
0.000809895490434	0.000812477940151	nan	6.5768520103e-05	0.000882527283569	0.000884370719707	0.000137607183297	0.000137176314321	nan	4.37574860791e-06	
0.000822062151265	0.000824680823588	nan	6.28275776868e-05	0.000852787050869	0.000854563893121	0.000132281308243	0.000131865600295	nan	4.19848144271e-06	
0.000858782369596	0.000861515629558	nan	5.9533697209e-05	0.000828161532961	0.000829881979003	0.000125608176832	0.000125211768476	nan	3.98240716531e-06	
0.000881535450388	0.00088433895152	nan	5.58028591708e-05	0.000792269169135	0.000793909370389	0.0001213462056	0.000120961372604	nan	3.87175634276e-06	
0.00089395959839	0.000896800648946	nan	5.26602596746e-05	0.000749910060285	0.000751456308472	0.000117655132438	0.000117279894299	nan	3.74688894598e-06	
0.000922688078726	0.000925618625601	nan	5.0634221188e-05	0.000735108042448	0.000736616646167	0.000112371755977	0.000112011026586	nan	3.57567152913e-06	
0.00095567098301	0.000958704624236	nan	4.79052818745e-05	0.000708647461979	0.000710093804067	0.000106176396871	0.000105832984208	nan	3.40397871941e-06	
0.0009752570034	0.000978351306681	nan	4.47905454876e-05	0.000674414610889	0.000675782320601	0.000103965238218	0.000103626047986	nan	3.32929262924e-06	
0.000984824313929	0.000987947614268	nan	4.29179181643e-05	0.000648437134872	0.000649742426073	9.9982681288e-05	9.9653201976e-05	nan	3.20023221459e-06	
0.00103108877669	0.00103435753587	nan	4.08184059453e-05	0.000631012310806	0.000632271588867	9.49043590473e-05	9.45879772683e-05	nan	3.03933435305e-06	
0.00106030506782	0.00106366529512	nan	3.81765059539e-05	0.000604434387814	0.000605628540787	9.10752972036e-05	9.07675950007e-05	nan	2.94160717612e-06	
0.0010766012871	0.00108001212296	nan	3.54943618614e-05	0.000572560666701	0.000573678649716	8.83104189613e-05	8.80074075266e-05	nan	2.85259769211e-06	
0.00110593195522	0.00110943477646	nan	3.35928038941e-05	0.000558733101047	0.000559809238632	8.42565773471e-05	8.39622468479e-05	nan	2.7258373069e-06	
0.00114808384455	0.00115171932359	nan	3.07354571885e-05	0.000539411926031	0.000540434330977	7.9457169395e-05	7.91737673989e-05	nan	2.58007075979e-06	
0.00117344268553	0.00117715771268	nan	2.54174984998e-05	0.000513764584818	0.000514720239209	7.72087952474e-05	7.69266609506e-05	nan	2.52959931063e-06	
0.00118628553358	0.00119006515311	nan	0.000102491232117	0.000491186822955	0.000492048310673	7.4079955331e-05	7.37954460748e-05	nan	2.43485008303e-06	
0.00123699639398	0.00124093701228	nan	0.000123345771467	0.000478801325544	0.000479617986341	7.00588051111e-05	6.9780540951e-05	nan	2.31427151235e-06	
0.00127452089998	0.00127858058203	nan	0.000136787614516	0.000458994765619	0.000459752108128	6.64982606532e-05	6.62234876016e-05	nan	2.22809207575e-06	
0.00129587713859	0.00130000447191	nan	0.000146292496032	0.000434864582812	0.000435554176792	nan	6.38930624198e-05	nan	2.16406153554e-06	
0.00132462673877	0.00132884536522	nan	0.000159391522978	0.000422056952729	0.000422694879656	nan	6.05114888065e-05	nan	2.06937473266e-06	
0.00137848747938	0.00138287747266	nan	0.00016891312394	0.000407746993017	0.000408328180262	nan	5.6500067371e-05	nan	1.95701876929e-06	
0.00141128852023	0.00141578292008	nan	0.000175627089034	0.000388302509509	0.000388817135006	nan	5.3914453554e-05	nan	1.91070261915e-06	
0.00142844742953	0.0014329965407	nan	0.00018430119801	0.00036861825499	0.00036906382658	nan	5.09246330312e-05	nan	1.84024173254e-06	
0.00148326006567	0.00148798393079	nan	0.000194227823486	0.000359493932848	0.000359879490409	nan	4.71217466002e-05	nan	1.74861881998e-06	
0.00153141426927	0.00153629183211	nan	0.000201035944572	0.000344369892319	0.000344684156955	nan	4.31111299323e-05	nan	1.67207857748e-06	
0.00155932702081	0.00156429396655	0.000204536804175	0.000205405755695	0.000325724674023	0.000325960501428	nan	3.98559885096e-05	nan	1.62426741516e-06	
0.00158570926394	0.00159076087318	0.000215649845795	0.000216531721222	0.000313654170209	0.000313811130319	nan	3.51969619813e-05	nan	1.55158402118e-06	
0.00165448656632	0.00165975808724	0.000223816433807	0.000224702535529	0.0003024650855	0.00030253573241	nan	2.86514179774e-05	nan	1.46439007195e-06	
0.00169684016461	0.00170224761209	0.00022901123884	0.000229893182574	0.000287109676656	0.000287084567718	nan	1.19168005896e-05	nan	1.41834623133e-06	
0.00171963783726	0.00172511908051	0.000235922265309	0.000236809539417	0.0002695312681	0.000269402606691	nan	1.97694367695e-05	nan	1.36252149146e-06	
0.00177780125778	0.00178346922732	0.000246522236031	0.000247430652877	nan	0.000261558688723	nan	1.8037008275e-05	nan	1.28925305778e-06	
0.00183952322484	0.00184538951055	0.000253324888017	0.000254242076122	nan	0.000248820925749	nan	1.65888468375e-05	nan	1.21802756589e-06	
0.00187589401488	0.00188187799721	0.000257251790152	0.000258169104774	nan	0.000233130025561	nan	1.59174398185e-05	nan	1.17590246053e-06	
0.00189731306743	0.00190336723352	0.000268432191502	0.000269376796566	nan	0.000220468323245	nan	1.50732407973e-05	nan	1.11260084808e-06	
0.00198506833139	0.00199140458805	0.000277708899747	0.000278674976278	nan	0.000209498163183	nan	1.41437372055e-05	nan	1.0356157802e-06	
0.00203965236793	0.00204616508723	0.000283308148723	0.000284283882664	nan	0.000194817449933	nan	1.34872703276e-05	nan	9.77519907581e-07	
0.00206977972417	0.0020763909904	0.000289298608222	0.000290286307317	nan	0.000177604318895	nan	1.29882985508e-05	nan	9.09636852559e-07	
0.00212997139623	0.00213677739899	0.000302103354736	0.000303126929513	nan	0.000164825883283	nan	1.2334349035e-05	nan	7.98557514423e-07	
0.0022089839335	0.00221604501019	0.000310129544147	0.000311173322342	nan	0.000147282607296	nan	1.1599262917e-05	nan	1.32186408851e-05	
0.00225623344537	0.00226344821576	0.000314589723116	0.000315642341445	nan	0.000122842352457	nan	1.12803162911e-05	nan	1.66728422799e-05	
0.00227978415013	0.00228707688805	0.000326188412085	0.000327274260634	nan	7.90010945966e-05	nan	1.08231484322e-05	nan	1.88371048504e-05	
0.00238088215439	0.00238850100663	0.00033759275244	0.000338711521738	nan	0.0	nan	1.02540770867e-05	nan	2.03209995876e-05	
0.00245109332832	0.00245893956547	0.000344391978619	0.000345528779581	nan	0.0	nan	9.79116936184e-06	nan	2.18711456809e-05	
0.00249071114938	0.00249868684114	0.000349349217583	0.000350498381808	nan	0.0	nan	9.49496012216e-06	nan	2.34323760212e-05	
0.00255081095663	0.0025589816465	0.000365378497433	0.000366576718355	nan	0.0	nan	9.06130818744e-06	nan	2.45508829313e-05	
0.00265182084413	0.00266031756982	0.000375393777749	0.0003766215291	nan	0.0	nan	8.54987611618e-06	nan	2.53189559782e-05	
0.00271302254846	0.00272171772152	0.000380956410965	0.000382199396545	nan	0.0	nan	8.29021218816e-06	nan	2.69153698947e-05	
0.00274461878465	0.00275341739693	0.000392923610272	0.000394202953656	nan	0.0	nan	7.97246179799e-06	nan	2.80858523212e-05	
0.00285450002174	0.00286365292649	0.00040730587853	0.000408629590796	nan	0.0	nan	7.55913782636e-06	nan	2.88650754181e-05	
0.00294462606433	0.00295406983646	0.000415915899607	0.000417265374881	nan	0.0	nan	7.16990714649e-06	2.9762417968e-05	2.98852048982e-05	
0.0029964791003	0.00300609085306	0.000420206727562	0.000421568140972	nan	0.0	nan	6.95251796745e-06	3.11868407488e-05	3.13112319661e-05	
0.00305326122865	0.00306305659836	0.000439628008431	0.000441050504545	nan	0.0	nan	6.62125449114e-06	3.21252646025e-05	3.22497628711e-05	
0.00318217427072	0.00319238452938	0.000452358964977	0.000453820973838	nan	0.0	nan	6.2226923127e-06	3.26914558065e-05	3.28150631209e-05	
0.00326119667989	0.00327166160701	0.000459523394833	0.000461007040459	nan	0.0	nan	5.96555367635e-06	3.42130635785e-05	3.43397110323e-05	
0.00330324144345	0.00331384220344	0.000471572922095	0.000473094082916	nan	0.0	nan	5.69507869783e-06	3.54391115734e-05	3.55679208716e-05	
0.00342055924402	0.00343153723002	0.000489851985851	0.000491430821666	nan	0.0	nan	5.33843630635e-06	3.61944078938e-05	3.63238982839e-05	
0.00353594396811	0.00354729282745	0.00050089840005	0.0005025116606	nan	0.0	nan	4.94493417035e-06	3.70491754199e-05	3.71799184639e-05	
0.00360346837415	0.00361503433139	0.000506555172593	0.000508185582599	nan	0.0	nan	4.67373154192e-06	3.87077578132e-05	3.88427358461e-05	
0.00365219276495	0.00366391530425	0.000527704609755	0.00052940208967	nan	0.0	nan	4.22535099352e-06	3.97571118091e-05	3.98943183546e-05	
0.0038162760643	0.003828525304	0.000543964043735	0.000545712894065	nan	0.0	nan	1.94880727937e-05	4.03496990286e-05	4.04876967725e-05	
0.00391788639774	0.00393046165759	0.000553266244169	0.000555044143956	nan	0.0	nan	2.60230073758e-05	4.1908068369e-05	4.20502680302e-05	
0.00397335675143	0.00398610978296	0.000564870697832	0.00056668509386	nan	0.0	nan	3.01889565937e-05	4.33780177893e-05	4.35241921233e-05	
0.00409550548925	0.00410865015037	0.000588117393249	0.000590005706121	nan	0.0	nan	3.30295068878e-05	4.42596756484e-05	4.44079218714e-05	
0.00424259500486	0.00425621119568	0.000602311876993	0.000604245060728	nan	9.19196083769e-05	nan	3.50096426876e-05	4.49724528713e-05	4.51222901619e-05	
0.00432994067361	0.00434383650336	0.000609785323436	0.000611741839995	nan	0.000114732036558	nan	3.79485068185e-05	4.70252810658e-05	4.71812310686e-05	
0.00437264330276	0.00438667537407	0.000632432429712	0.000634460985863	nan	0.00013001094179	nan	4.01392779698e-05	4.83108122078e-05	4.84703724432e-05	
0.0045715942587	0.00458626383255	0.000653161756253	0.000655256206756	nan	0.000143963209535	nan	4.16783639853e-05	4.90269295104e-05	4.91882745472e-05	
0.00470134608466	0.00471643095994	0.000665211088623	0.000667343613777	nan	0.000154014269409	nan	4.35281506004e-05	5.06330713234e-05	5.07991762022e-05	
0.00477370281075	0.00478901870002	0.000675541517982	0.000677706627424	nan	0.000161123456709	nan	4.58835635236e-05	5.24712542271e-05	5.26429108695e-05	
0.00489607033933	0.00491177756721	0.000704980719866	0.000707239661699	nan	0.000172080730606	nan	4.74938007243e-05	5.35720505437e-05	5.37468786553e-05	
0.00508195317782	0.00509836069062	0.000723127078646	0.000725458650961	nan	0.00018115056855	4.83225716744e-05	4.85248472431e-05	5.4124198241e-05	5.4301685911e-05	
0.00519364810989	0.00521041476228	0.00073291705209	0.000735279708953	nan	0.000187425547186	5.07750124032e-05	5.09801649739e-05	5.66808375996e-05	5.68662310711e-05	
0.00525005259541	0.00526699978915	0.000756525612384	0.000758963904117	nan	0.000193777718457	5.2734490068e-05	5.29412388341e-05	5.83045291668e-05	5.84949122711e-05	
0.00546340524746	0.00548103947357	0.000782743440317	0.000785265769557	nan	0.000204066201329	5.3981266207e-05	5.4187521479e-05	5.92165915382e-05	5.94096642516e-05	
0.00562673300247	0.00564489264282	0.000798188459432	0.000800760108449	0.000210148576241	0.000211018120372	5.54044037115e-05	5.56114653343e-05	6.08419459556e-05	6.1040055185e-05	
0.00571926816197	0.00573772461886	0.000806029182968	0.000808625657698	0.00021453895544	0.0002153965154	5.79613985371e-05	5.81739262224e-05	6.31714426331e-05	6.3376895014e-05	
0.00583401048943	0.00585283531305	0.000842865713128	0.000845580411739	0.000223636058511	0.000224504039893	5.96051173169e-05	5.98201007258e-05	6.45769149552e-05	6.47867184165e-05	
0.00606425592523	0.00608382167811	0.000865739081193	0.000868527016114	0.000232226681105	0.000233105560722	6.05593689828e-05	6.07746981238e-05	6.52930694278e-05	6.55050015198e-05	
0.00620367262074	0.00622368609743	0.000878309668668	0.000881137658475	0.000237647307492	0.000238527416103	6.29895669585e-05	6.32107776708e-05	6.8086641336e-05	6.830745643e-05	
0.00627552788448	0.00629577102746	0.000901801666224	0.000904704871283	0.000241956433153	0.000242835903865	6.52313101026e-05	6.54579358966e-05	7.01559445857e-05	7.0383300865e-05	
0.00649405126599	0.00651499705281	0.00093429932778	0.000937306726099	0.000253035151465	0.000253940139352	6.65910849343e-05	6.68202702829e-05	7.13359236402e-05	7.15669490253e-05	
0.00669289915991	0.00671448397317	0.000953613011582	0.000956682152715	0.000260115099382	0.000261032457848	6.77472465351e-05	6.79785057495e-05	7.29183157987e-05	7.31543232954e-05	
0.00680633932455	0.00682828759118	0.000963076259922	0.000966175437919	0.000264185904418	0.000265106339787	7.08300837545e-05	7.10701387019e-05	7.58781478825e-05	7.61236017526e-05	
0.00690076493817	0.00692301523882	0.00100206432031	0.00100528853404	0.000272377785434	0.000273316753427	7.27688603115e-05	7.30139431572e-05	7.76814943551e-05	7.79326582672e-05	
0.00717241976794	0.0071955434147	0.00102992979006	0.00103324323189	0.000281693995211	0.000282656143694	7.3855745237e-05	7.41031247114e-05	7.86253872153e-05	7.88794896083e-05	
0.00733683009947	0.00736048116764	0.00104536786841	0.00104873054733	0.000287277513912	0.000288250845448	7.63107834068e-05	7.65651563e-05	8.16265838998e-05	8.18902782863e-05	
0.00742145806517	0.0074453792641	0.00106671145292	0.00107014235767	0.000290032789162	0.000291008545785	7.90423135277e-05	7.93046783627e-05	8.42631692691e-05	8.45352802712e-05	
0.00762414533697	0.00764871707388	0.00110504829431	0.00110860206406	0.000301842784891	0.00030285202017	8.06784275063e-05	8.09452283415e-05	8.57902994217e-05	8.60672478655e-05	
0.0078474299689	0.0078727184747	0.00112781778699	0.00113144434059	0.000309279624701	0.000310308142637	8.15178799051e-05	8.17865756115e-05	8.72278790458e-05	8.75093799596e-05	
0.00797316187277	0.00799885264408	0.00113895490584	0.00114261683209	0.000313288477865	0.000314325391143	8.5310528253e-05	8.55909155126e-05	9.0975268883e-05	9.12687786269e-05	
0.00802936507438	0.00805523398937	0.00117615202758	0.00117993310144	0.000319864179309	0.000320918450515	8.76842762141e-05	8.79717336e-05	9.32800005901e-05	9.35808654309e-05	
0.00831431400234	0.0083410979158	0.00120739170836	0.00121127275851	0.000329296124898	0.000330377511968	8.90086024863e-05	8.92997476293e-05	9.45162625425e-05	9.48210387954e-05	
0.00848307197841	0.00851039641549	0.00122443172509	0.00122836709641	0.000334668071955	0.00033576356057	9.14158578109e-05	9.17142850284e-05	9.76598964717e-05	9.79747359248e-05	
0.00856495989996	0.00859254494828	0.00124021548302	0.00124420113229	0.000336967235224	0.000338067120379	9.4756555311e-05	9.506534648e-05	0.000100994290165	0.00010131980791	
0.00871348673565	0.00874154691419	0.00128032208403	0.00128443616365	0.000346324076126	0.000347451674573	9.67553679374e-05	9.70701836883e-05	0.000102951832058	0.000103283590715	
0.00891970503478	0.008948426008	0.00130354449043	0.00130773273073	0.000352897860757	0.000354044325476	9.77501358044e-05	9.80677506725e-05	0.000104092115682	0.000104427482908	
0.00902731808181	0.00905638222482	0.00131409280145	0.00131831447676	0.000355996148783	0.000357150422217	0.000101720633408	0.000102050745521	0.000108781047414	0.000109131456537	
0.00906012227022	0.00908928867374	0.00134269838069	0.00134701149662	0.00035951288534	0.000360676549233	0.000104581790775	0.000104920819177	0.000111686321426	0.000112046025333	
0.00925411882839	0.00928390630365	0.00137129914612	0.00137570367665	0.000366742799545	0.000367928050317	0.000106177114125	0.00010652098071	0.000113274344273	0.000113639100675	
0.00937564643647	0.00940582161204	0.00138552590828	0.00138997568021	0.0003702529595	0.000371447932289	0.000108346842332	0.000108697432311	0.000116424194421	0.000116799032081	
0.00941713189729	0.00944743709672	0.00139141482728	0.00139588306623	0.000370923914333	0.000372119611408	0.000112268589984	0.000112631588879	0.00012055742654	0.000120945510376	
0.00946693074699	0.00949739267241	0.00142301540522	0.00142758467812	0.000375335227113	0.00037654384901	0.000114604998974	0.000114975295091	0.000123005734999	0.000123401639738	
0.00958280010705	0.00961363130798	0.00143921477317	0.00144383562423	0.000378594649068	0.000379812604162	0.000115756185784	0.000116129968216	0.00012419426413	0.000124593935033	
0.00961886540353	0.00964980906324	0.00144371650172	0.00144835138029	0.000379023896684	0.000380242195316	0.000119533611607	0.000119919374624	0.000129333706036	0.000129749855836	
0.00959362428265	0.00962448317409	0.00145548249364	0.00146015472983	0.000378339850977	0.00037955502614	0.000122728863448	0.000123124737161	0.000132873214824	0.000133300693353	
0.00963785056277	0.0096688481129	0.00147082261468	0.00147554368908	0.0003805696316	0.00038179113616	0.000124477632445	0.00012487896218	0.000134823881339	0.000135257575778	
0.00965197197421	0.00968301135032	0.00147449761616	0.0014792300964	0.00038019522294	0.000381414780141	0.000126072635587	0.000126478937681	0.000137716345794	0.000138159284245	
0.00960958584137	0.00964048533305	0.00146919690201	0.00147391199694	0.000377807625845	0.000379018858462	0.000130168456873	0.000130587798658	0.000142591960419	0.000143050519534	
0.00954520567018	0.00957589458108	0.00147860061983	0.00148334553648	0.00037642433004	0.000377630530344	0.000132544408298	0.00013297125502	0.000145478036879	0.000145945816135	
0.00952395829404	0.00955457534656	0.00147905800135	0.00148380404578	0.000374788372443	0.000375988793453	0.000133629139733	0.000134059341478	0.000146876442477	0.000147348657346	
0.00945479458084	0.00948518576853	0.0014712395687	0.00147596020476	0.000371444500808	0.000372633729961	0.00013652859397	0.000136967999856	0.000151797953193	0.000152285928343	
0.00934848351045	0.00937852949298	0.00146332125597	0.00146801618425	0.000366875431081	0.00036804960025	0.000139450648762	0.000139899335826	0.000155764821039	0.000156265485198	
0.00925674258428	0.00928649025306	0.00145861751511	0.00146329706932	0.000363777054365	0.000364940918371	0.000140908407793	0.000141361669485	0.000157916159671	0.000158423675412	
0.00915666123154	0.0091860838647	0.0014468936183	0.00145153529607	0.000359343785118	0.00036049311536	0.000141495735655	0.000141950778071	0.00016009790189	0.000160612365191	
0.0090275768105	0.00905658129988	0.00142972725178	0.0014343136142	0.000353878154819	0.000355009689067	0.000144722168753	0.000145187483117	0.00016519612118	0.000165726902183	
0.00887889683913	0.00890742031891	0.00141670498072	0.00142124934053	0.000348404435769	0.000349518184394	0.000146379696327	0.000146850240897	0.000168136141414	0.000168676302976	
0.00874980289749	0.00877790840315	0.00140048619656	0.00140497831723	0.000342959861908	0.000344055950462	0.000146845553359	0.000147317501438	0.000169455100172	0.000169999433096	
0.00859986689728	0.00862748758536	0.00138002071138	0.00138444698698	0.000336776573649	0.000337852670797	0.000148033954895	0.000148509632417	0.000173263003254	0.000173819500506	
0.0084340738165	0.00846115887562	0.00135788505714	0.00136224014449	0.000330034503277	0.000331088851073	0.000149603125568	0.000150083758653	0.000176889055494	0.000177457131023	
0.00826850545851	0.00829505572178	0.00133746302322	0.00134175242937	0.00032370881859	0.000324742772293	0.000149983987831	0.000150465761407	0.000178676866442	0.000179250614932	
0.00810284472637	0.00812886003461	0.00131399451513	0.00131820847804	0.000316998817084	0.000318011171968	0.000149450475916	0.000149930456236	0.000179558123935	0.000180134632963	
0.00792703926482	0.0079524871732	0.00128821416285	0.00129234527485	0.000309936568462	0.000310926220892	0.000150401633227	0.000150884591191	0.000183566475766	0.00018415578459	
0.00774396344231	0.00776882074085	0.001263178201	0.00126722885332	0.000302811805963	0.000303778576143	0.00015045416149	0.000150937213541	0.000185605339785	0.000186201123548	
0.00756803652493	0.00759232629135	0.00123746930017	0.00124143733686	0.000295810039371	0.000296754338321	0.000149663651373	0.000150144093433	0.000186147643049	0.000186745097032	
0.00738749079922	0.0074111983521	0.00121029051536	0.0012141712235	0.000288621287773	0.000289542535698	0.000148854064045	0.000149331837597	0.000187749529173	0.000188352052962	
0.00720334838007	0.00722646230553	0.0011823066392	0.00118609743662	0.000281317510693	0.000282215356548	0.000148380427265	0.000148856612921	0.000189677764625	0.000190286404968	
0.00701999474305	0.00704266318487	0.00115530696397	0.00115903494601	0.000274178387421	0.000275059053473	0.000147191679505	0.000147667034807	0.000190113555014	0.00019072746184	
0.0068397150391	0.00686179876963	0.00112751081489	0.00113114890568	0.000267045293459	0.000267902982981	0.000145448509507	0.000145918171328	0.000189400701178	0.000190012234392	
0.00665856176461	0.0066800581008	0.00109921102357	0.00110275759599	0.000259895627989	0.000260730301145	0.000144121678821	0.000144586994024	0.000190667151564	0.000191282701274	
0.00647760398526	0.00649851369083	0.00107126460004	0.00107472079263	0.000252802836061	0.000253614688104	0.000142474732398	0.000142934669722	0.000190691071252	0.000191306626231	
0.00630084063109	0.00632117737785	0.00104359033731	0.00104695702691	0.000245873193985	0.000246662760654	0.000140395173131	0.00014084833845	0.000189655863268	0.000190268005063	
0.00612593226314	0.0061457021792	0.00101581388419	0.00101909074072	0.000238994963821	0.000239762421218	0.000138142066623	0.000138587902314	0.000188675077353	0.00018928398191	
0.00595271729552	0.00597192596408	0.000988093096058	0.000991280299763	0.000232192720298	0.000232938322631	0.000136066675222	0.00013650575727	0.000188038890171	0.000188645670845	
0.00578227223617	0.00580092873204	0.000961131942955	0.000964231945784	0.000225540478555	0.000226264716857	0.000133680922708	0.000134112251966	0.000186504225389	0.000187105983738	
0.00561592102755	0.00563403868201	0.000934357722736	0.000937371130408	0.000219015940134	0.000219719232943	0.000131059624782	0.000131482443751	0.000184273010736	0.00018486750078	
0.00545221364484	0.0054698011226	0.000907859358797	0.000910787064957	0.00021260118589	0.000213283893264	0.000128512104084	0.000128926653262	0.000182615464084	0.000183204537595	
0.00529147147219	0.00530853845967	0.000881856476695	0.000884700084287	0.000206311655021	0.000206974185601	0.000125897857019	0.000126303923574	0.000180506276781	0.000181088478814	
0.00513470910833	0.00515126854086	0.000856422800274	0.000859184150907	0.000200190795109	0.000200833696021	0.00012313381971	0.000123530922942	0.000177853637141	0.000178427216659	
0.00498153808911	0.00499760168002	0.000831404112108	0.000834084550939	0.000194198582483	0.000194822271241	0.000120286626862	0.000120674501058	0.000175013129454	0.000175577482236	
0.00483172295782	0.00484730166216	0.000806847514592	0.000809448539449	0.000188340951376	0.000188945863435	0.000117540619261	0.000117919593113	0.000172367016052	0.000172922771486	
0.00468545835645	0.00470056391418	0.000782935145382	0.000785458841858	0.000182634713331	0.000183221337018	0.000114713407383	0.000115083221431	0.000169331159191	0.000169877062786	
0.00454325854906	0.00455790374742	0.000759543908538	0.000761991965948	0.000177078276253	0.000177647093675	0.000111834812632	0.0001121953036	0.00016599967202	0.000166534773097	
0.00440456763992	0.00441876411954	0.000736670981041	0.000739045080012	0.000171661087778	0.000172212546075	0.000108991523817	0.000109342807855	0.000162778791296	0.000163303448506	
0.00426942672406	0.00428318602086	0.00071436198834	0.000716663956844	0.000166384365761	0.000166918914976	0.000106176440753	0.000106518611066	0.00015945756702	0.000159971459787	
0.00413803116093	0.00415136545996	0.000692657868291	0.000694889666441	0.000161260274688	0.000161778403027	0.000103350863362	0.000103683888394	0.000155948576853	0.000156451102619	
0.0040103003042	0.00402322150577	0.000671493066361	0.000673656443117	0.000156274891501	0.000156777041639	0.000100530867925	0.000100854767908	0.000152345185045	0.000152836041964	
0.00388606049343	0.00389857990809	0.00065087318675	0.000652969909171	0.000151426943709	0.000151913553559	9.77878259037e-05	9.81028509675e-05	0.000148860325479	0.000149339898463	
0.00376530092688	0.00377743001136	0.000630835899278	0.000632867855709	0.000146717952265	0.000147189464102	9.50640530731e-05	9.53702674389e-05	0.000145273980154	0.000145741944906	
0.00364810400496	0.00365985409763	0.000611350198136	0.000613319176949	0.000142146899443	0.000142603751898	9.23682913832e-05	9.26657873911e-05	0.000141623678538	0.000142079831752	
0.00353427540521	0.00354565753371	0.000592399130698	0.000594306865479	0.000137707311197	0.000138149921867	8.97227376263e-05	9.00116790535e-05	0.000138023718924	0.000138468225199	
0.00342374676706	0.00343477171449	0.000573982903412	0.000575831128183	0.000133397083928	0.000133825863565	8.71352395159e-05	8.7415815346e-05	0.000134454753508	0.000134887715628	
0.00331650015316	0.00332717850936	0.000556111285403	0.000557901765405	0.000129216810888	0.000129632172196	8.45899267151e-05	8.4862274759e-05	0.000130873263887	0.000131294644202	
0.00321247630648	0.00322281847623	0.000538751995568	0.000540486391781	0.000125161034007	0.000125563372305	8.20915974196e-05	8.23558708799e-05	0.000127303337349	0.000127713197539	
0.00311155101152	0.003121567076	0.000521897109469	0.000523577057047	0.000121226491831	0.000121616192201	7.96587096166e-05	7.99151210491e-05	0.000123826030294	0.000124224627415	
0.00301366027683	0.00302336027651	0.000505546127967	0.000507173260091	0.00011741100581	0.000117788446653	7.72789118666e-05	7.75276339975e-05	0.000120374684189	0.000120762126406	
0.00291876478103	0.0029281581566	0.000489684539473	0.000491260442273	0.000113712504151	0.000114078057582	7.49518281893e-05	7.51930324691e-05	0.000116959239518	0.000117335644954	
0.00282676140739	0.0028358576349	0.000474296159393	0.000475822366513	0.000110126571694	0.00011048059604	7.26820580282e-05	7.29159306423e-05	0.000113609128418	0.000113974709677	
0.00273756757352	0.00274637571644	0.000459370921354	0.000460848935033	0.000106650376485	0.000106993221392	7.04738681686e-05	7.07006089651e-05	0.000110331214877	0.000110686206962	
0.00265111969905	0.00265964869117	0.000444904475682	0.000446335779641	0.000103281777314	0.000103613785967	6.83205371232e-05	6.85403242534e-05	0.000107107006894	0.000107451585038	
0.00256735085595	0.00257560944818	0.000430877816524	0.000432263837061	0.000100017353798	0.000100338858801	6.62226372146e-05	6.64356506067e-05	0.000103942656145	0.000104277025227	
0.00248617140049	0.00249416784599	0.000417279890921	0.000418622017004	9.68539479888e-05	9.71652721883e-05	6.41839801726e-05	6.43904119487e-05	0.000100861815881	0.000101186226872	
0.00240751024189	0.00241525280606	0.000404101524729	0.000405401115397	9.37888354913e-05	9.40902933458e-05	6.2201461838e-05	6.24014940712e-05	9.78476947685e-05	9.81623746296e-05	
0.00233130302321	0.00233879961242	0.0003913313319	0.000392589709196	9.08196030635e-05	9.11115016134e-05	6.02733319246e-05	6.04671409942e-05	9.49004811455e-05	9.52056472816e-05	
0.00225747556458	0.0022647339097	0.000378955980882	0.000380174423574	8.79429828609e-05	8.82256189496e-05	5.83995993266e-05	5.85873615773e-05	9.20263744647e-05	9.2322264003e-05	
0.00218595405373	0.00219298162333	0.000366964573271	0.000368144324688	8.51562946856e-05	8.54299568156e-05	5.65812875788e-05	5.67631825852e-05	8.92298893403e-05	8.95167541169e-05	
0.00211667379835	0.00212347807336	0.000355348178742	0.000356490453098	8.24570707883e-05	8.27220397714e-05	5.48150975011e-05	5.49912941689e-05	8.65029710122e-05	8.67810367424e-05	
0.00204956932543	0.00205615683646	0.000344094104967	0.000345200075332	7.98426444549e-05	8.00991927418e-05	5.31002235891e-05	5.32708881757e-05	8.38463271527e-05	8.41158217483e-05	
0.00198457268865	0.00199095081553	0.000333191685781	0.000334262490533	7.73103549291e-05	7.75587465984e-05	5.14366091316e-05	5.16019076533e-05	8.12649654095e-05	8.15261326837e-05	
0.00192162092126	0.00192779576913	0.00032263104168	0.000323667787102	7.48577391362e-05	7.50982305259e-05	4.98227923428e-05	4.9982886062e-05	7.87545210445e-05	7.90075909301e-05	
0.00186065225218	0.0018666304913	0.000312402321921	0.000313406082268	7.2482524958e-05	7.27153651608e-05	4.82571192776e-05	4.84121640857e-05	7.6312998984e-05	7.6558194807e-05	
0.00180160656548	0.00180739452962	0.000302494838222	0.000303466653074	7.01821947224e-05	7.0407624914e-05	4.67385593056e-05	4.68887078364e-05	7.39406299835e-05	7.41781786014e-05	
0.00174442359143	0.00175002742513	0.00029289895939	0.000293839837033	6.79544569296e-05	6.81727109818e-05	4.52666875283e-05	4.54120906742e-05	7.16381096722e-05	7.18682314025e-05	
0.00168904733106	0.00169447264853	0.000283605733103	0.000284516652711	6.57971192546e-05	6.60084240599e-05	4.3839556939e-05	4.39803596104e-05	6.94017371913e-05	6.96246491801e-05	
0.00163542122442	0.00164067345952	0.00027460555211	0.000275487461715	6.37080104751e-05	6.39125859988e-05	4.24560462525e-05	4.25923896003e-05	6.72303697565e-05	6.74462824408e-05	
0.00158349089642	0.00158857618216	0.000265889329655	0.000266743147785	6.16849703484e-05	6.18830296503e-05	4.11152203896e-05	4.12472425127e-05	6.5123983465e-05	6.53331070514e-05	
0.00153320444151	0.0015381274655	0.00025744842496	0.000258275042046	5.97259485893e-05	5.99176981658e-05	3.98159251334e-05	3.99437603778e-05	6.30806082902e-05	6.32831467509e-05	
0.00148451038226	0.00148927591126	0.000249274513286	0.000250074792753	5.78289901815e-05	5.80146302613e-05	3.85568020193e-05	3.86805803229e-05	6.10982095556e-05	6.12943601766e-05	
0.00143735722615	0.0014419716042	0.000241359063234	0.000242133840849	5.59921201e-05	5.61718445721e-05	3.73367423379e-05	3.74565900346e-05	5.91756776816e-05	5.93656354075e-05	
0.00139169953008	0.00139616644915	0.000233694060121	0.000234444145653	5.42134543861e-05	5.43874510847e-05	3.6154836672e-05	3.62708771328e-05	5.73119001171e-05	5.74958523207e-05	
0.00134748840428	0.00135181327274	0.00022627182385	0.000226998002033	5.24911773877e-05	5.26596283065e-05	3.50097957472e-05	3.51221481634e-05	5.55049525747e-05	5.56830843902e-05	
0.00130467929286	0.00130886627581	0.000219084711806	0.000219787742722	5.08235260327e-05	5.09866074886e-05	3.39005333347e-05	3.40093133704e-05	5.37532438317e-05	5.39257338654e-05	
0.00126322792822	0.0012673075929	0.000212125313737	0.000212810329465	4.92087664156e-05	4.93676689434e-05	3.28260437942e-05	3.29320441346e-05	5.20556052681e-05	5.22237079341e-05	
0.00122309178652	0.00122704137056	0.000205386516777	0.000206049694069	4.76452344011e-05	4.77990710433e-05	3.17853260804e-05	3.18879539404e-05	5.04105329135e-05	5.05733034058e-05	
0.00118422909584	0.00118805274113	0.00019886144562	0.000199503479411	4.61313253829e-05	4.62802573627e-05	3.07772921471e-05	3.08766538277e-05	4.88163341908e-05	4.89739388756e-05	
0.00114659971771	0.00115030143512	0.000192543320495	0.000193164883716	4.46654666886e-05	4.480965012e-05	2.98009621203e-05	2.98971607223e-05	4.7271681285e-05	4.74242818808e-05	
0.00111016430192	0.00111374855941	0.000186425623505	0.000187027367862	4.32461385107e-05	4.33857245682e-05	2.88554249301e-05	2.89485605776e-05	4.57751821662e-05	4.59229340549e-05	
0.00107488678615	0.00107835617694	0.000180502067491	0.000181084624232	4.18718723053e-05	4.20070073885e-05	2.79397036873e-05	2.80298733171e-05	4.43254372585e-05	4.44684930877e-05	
0.0010407287734	0.00104408752297	0.00017476652424	0.000175330504473	4.05412472362e-05	4.06720731234e-05	2.70528735876e-05	2.71401711177e-05	4.29210076098e-05	4.30595151077e-05	
0.00100765547198	0.00101090710712	0.000169213035888	0.000169759031397	3.92528769631e-05	3.93795309231e-05	2.6194055353e-05	2.62785718314e-05	4.15606180143e-05	4.1694719892e-05	
0.00097563254331	0.000978780475854	0.000163835858041	0.000164364441768	3.80054242046e-05	3.81280391548e-05	2.53624023273e-05	2.54442260387e-05	4.02429316064e-05	4.03727662886e-05	
0.00094462474442	0.000947674269092	0.000158629426387	0.000159141153167	3.67975954982e-05	3.69163001463e-05	2.45570463336e-05	2.46362627306e-05	3.89666622393e-05	3.9092364731e-05	
0.000914605805499	0.000917556147158	0.000153588329692	0.000154083736765	3.56281343029e-05	3.57430532666e-05	2.37771719385e-05	2.38538638133e-05	3.77305677742e-05	3.7852268875e-05	
0.00088553666638	0.000888394774545	0.000148707329866	0.000149186937301	3.44958233256e-05	3.46070772602e-05	2.30219976678e-05	2.30962452626e-05	3.65334049915e-05	3.66512309079e-05	
0.000857391067591	0.000860159823243	0.000143981364304	0.000144445675874	3.33994851219e-05	3.3507190851e-05	2.22907461004e-05	2.23626271221e-05	3.53740078323e-05	3.54880810079e-05	
0.000830146753286	0.000832821960442	0.000139405521031	0.000139855024082	3.23379800327e-05	3.24422506651e-05	2.15826632054e-05	2.16522529018e-05	3.42512106934e-05	3.43616504563e-05	
0.000803761106288	0.000806352679851	0.000134975036724	0.000135410203512	3.13102016685e-05	3.1411146715e-05	2.08970249793e-05	2.09643962436e-05	3.31638808222e-05	3.32708021655e-05	
0.000778210600886	0.000780724429863	0.000130685304777	0.000131106592285	3.03150798242e-05	3.04128053094e-05	2.02331328234e-05	2.02983562514e-05	3.21109122471e-05	3.22144267569e-05	
0.000753483218277	0.000755910525609	0.000126531862027	0.000126939712789	2.93515786698e-05	2.94461872462e-05	1.95902960446e-05	1.96534400001e-05	3.1091261327e-05	3.11914771518e-05	
0.000729532166104	0.000731885123363	0.000122510385823	0.000122905228289	2.84186944618e-05	2.85102855141e-05	1.89678517784e-05	1.90289824581e-05	3.01038837998e-05	3.02009057558e-05	
0.000706342311255	0.000708623192842	0.000118616686412	0.000118998935378	2.75154547226e-05	2.76041244686e-05	1.83651603352e-05	1.8424341851e-05	2.91477631007e-05	2.92416926555e-05	
0.000683889473866	0.000686100483872	0.000114846710733	0.000115216767766	2.66409183276e-05	2.67267599218e-05	1.77815982237e-05	1.78388926561e-05	2.82219246712e-05	2.83128602025e-05	
0.00066215582318	0.000664293524733	0.000111196530557	0.00011155478443	2.57941740826e-05	2.5877277711e-05	1.72165592582e-05	1.72720267129e-05	2.73254376863e-05	2.74134742539e-05	
0.000641110068092	0.00064317958571	0.000107662343223	0.000108009170426	2.4974339089e-05	2.50547920662e-05	1.66694588265e-05	1.6723157508e-05	2.64573650268e-05	2.65425949519e-05	
0.000620730540326	0.00062273666106	0.000104240466073	0.000104576230787	2.4180558581e-05	2.42584454379e-05	1.61397312171e-05	1.61917174785e-05	2.5616815431e-05	2.56993280176e-05	
0.000601006358626	0.000602943432839	0.00010092733188	0.000101252387045	2.34120050932e-05	2.34874076683e-05	1.56268254552e-05	1.56771538663e-05	2.48029276707e-05	2.48828094708e-05	
0.000581899073157	0.000583779260357	9.77194875785e-05	9.80341748773e-05	2.26678772821e-05	2.27408748029e-05	1.51302087156e-05	1.5178932113e-05	2.40148638332e-05	2.409219849e-05	
0.000563403943921	0.000565224160378	9.4613589709e-05	9.49182393976e-05	2.19473990271e-05	2.20180681985e-05	1.46493658566e-05	1.46965353825e-05	2.32518053188e-05	2.33266740136e-05	
0.000545487440006	0.00054725878232	9.16063989689e-05	9.19013315797e-05	2.12498189996e-05	2.13182340795e-05	1.41837973156e-05	1.42294625031e-05	2.25129654556e-05	2.25854467693e-05	
0.000528149547464	0.00052986439136	8.86947804369e-05	8.89803053627e-05	2.05744097139e-05	2.06406425951e-05	1.37330182344e-05	1.37772270365e-05	2.17975779974e-05	2.1867747941e-05	
0.000511362697473	0.000513022845151	8.58756970157e-05	8.6152115189e-05	1.99204667094e-05	1.99845869907e-05	1.32965599145e-05	1.33393587589e-05	2.11049038127e-05	2.11728359987e-05	
0.000495109379214	0.000496716575159	8.31462101951e-05	8.34138115734e-05	1.92873078446e-05	1.9349382905e-05	1.28739684508e-05	1.29154022853e-05	2.04342245472e-05	2.04999903319e-05	
0.000479356499228	0.00048092857256	8.05034726592e-05	8.07625382173e-05	1.86742727222e-05	1.87343677951e-05	1.24648038463e-05	1.25049161912e-05	1.9784842659e-05	1.98485110669e-05	
0.000464136063172	0.00046564236837	7.79447278898e-05	7.81955298867e-05	1.80807218539e-05	1.81389000903e-05	1.20686398573e-05	1.2107472846e-05	1.9156084356e-05	1.92177222517e-05	
0.000449368625717	0.000450842016465	7.54673067838e-05	7.5710109447e-05	1.75060360631e-05	1.75623586009e-05	1.16850641257e-05	1.17226585514e-05	1.85472974679e-05	1.86069695248e-05	
0.000435085680569	0.000436512077672	7.30686259612e-05	7.33036839979e-05	1.69496158347e-05	1.70041418649e-05	1.13136770332e-05	1.13500723873e-05	1.79578488571e-05	1.80156177749e-05	
0.000421242517442	0.000422637602419	7.074618324e-05	7.09737432595e-05	1.64108807016e-05	1.64636675238e-05	1.09540915868e-05	1.09893261054e-05	1.73871252504e-05	1.74430517124e-05	
0.000407853524701	0.000409204115196	6.84975544363e-05	6.87178568007e-05	1.58892686378e-05	1.59403717221e-05	1.06059330766e-05	1.06400437774e-05	1.68345329151e-05	1.68886756486e-05	
0.000394903381383	0.00039619760113	6.63203962331e-05	6.65336712494e-05	1.53842354463e-05	1.54337085003e-05	1.02688386512e-05	1.03018613716e-05	1.62994968031e-05	1.6351912688e-05	
0.000382325805564	0.000383604490515	6.42124353413e-05	6.44189079137e-05	1.48952542371e-05	1.49431492549e-05	9.94245697172e-06	9.97442640719e-06	1.57814606224e-05	1.58322046918e-05	
0.000370198666412	0.000371411644709	6.21714741907e-05	6.23713605594e-05	1.44218148496e-05	1.44681821613e-05	9.62644773226e-06	9.65739747393e-06	1.52798844382e-05	1.5329010021e-05	
0.000358383789525	0.000359606342512	6.01953823522e-05	6.03888929523e-05	1.39634233424e-05	1.40083116765e-05	9.3204815008e-06	9.35044406806e-06	1.47942459328e-05	1.48418046443e-05	
0.000346992701883	0.000348176266869	5.82820992879e-05	5.84694368069e-05	1.35196014577e-05	1.35630579875e-05	9.02423920173e-06	9.05324607741e-06	1.43240391161e-05	1.43700809157e-05	
0.000335986291495	0.000337109492526	5.64296262092e-05	5.66109895331e-05	1.30898861271e-05	1.31319565248e-05	8.73741197132e-06	8.76549363562e-06	1.38687741897e-05	1.39133474555e-05	
0.000325263296521	0.000326394472095	5.46360336965e-05	5.48116120722e-05	1.26738290081e-05	1.27145574869e-05	8.45970067047e-06	8.48688663164e-06	1.34279768728e-05	1.34711284238e-05	
0.000314903725825	0.0003160200257	5.28994491005e-05	5.30694270489e-05	1.22709960112e-05	1.23104253715e-05	8.19081564786e-06	8.21713447294e-06	1.30011876622e-05	1.30429628491e-05	
0.000304894623787	0.000305975328674	5.12180617678e-05	5.1382616734e-05	1.18809668251e-05	1.19191385023e-05	7.93047646565e-06	7.95595581117e-06	1.2587961585e-05	1.26284043047e-05	
0.000295163927722	0.000296249900427	4.95901138652e-05	4.9749421165e-05	1.15033344913e-05	1.15402886084e-05	7.67841160971e-06	7.70307825072e-06	1.21878678814e-05	1.22270206276e-05	
0.000285782244517	0.000286833593302	4.80139104003e-05	4.81681362669e-05	1.11377050094e-05	1.1173480396e-05	7.43435813108e-06	7.45823798839e-06	1.18004894248e-05	1.18383933403e-05	
0.00027669875342	0.000277716582192	4.64878066938e-05	4.66371121296e-05	1.07836968777e-05	1.0818331134e-05	7.19806144678e-06	7.22117961501e-06	1.14254223068e-05	1.14621172125e-05	
0.000267903976786	0.000268889354269	4.50102082518e-05	4.51547512821e-05	1.04409407244e-05	1.04744702489e-05	6.96927507265e-06	6.99165584581e-06	1.10622755065e-05	1.10977999713e-05	
0.000259318954798	0.000260342698981	4.35795724707e-05	4.37195070233e-05	1.01090789184e-05	1.01415389487e-05	6.74776034879e-06	6.76942724683e-06	1.0710670202e-05	1.0745061556e-05	
0.000251076587355	0.000252067698482	4.21944127115e-05	4.23298818025e-05	9.78776519432e-06	9.81918984403e-06	6.53328617109e-06	6.55426196357e-06	1.03702396998e-05	1.04035340834e-05	
0.000243096200236	0.000244055718491	4.08532757326e-05	4.09844256509e-05	9.47666429167e-06	9.50708658636e-06	6.32562879452e-06	6.34593552455e-06	1.0040628938e-05	1.00728613385e-05	
0.000235306178574	0.00023629839894	3.95547643951e-05	3.9681734685e-05	9.17545159649e-06	9.2049035155e-06	6.12457158108e-06	6.14423058938e-06	9.72149412155e-06	9.75269841088e-06	
0.000227765820191	0.000228787645519	3.82975311133e-05	3.84204496432e-05	8.88381283441e-06	8.91232532264e-06	5.92990477139e-06	5.94893671758e-06	9.41250236996e-06	9.44271134031e-06	
0.000220407935928	0.000221515621253	3.70802532355e-05	3.71992544637e-05	8.60144369065e-06	8.62904671988e-06	5.74142526443e-06	5.75985014976e-06	9.11333139064e-06	9.14257678363e-06	
0.000213516996642	0.000214474738183	3.5901672813e-05	3.60168749154e-05	8.32804957036e-06	8.35477212333e-06	5.55893641893e-06	5.57677360576e-06	8.82366910433e-06	8.85198165972e-06	
