1.26479557999e-06	6.92281498054e-09	8.81214938426e-11	5.39230842845e-11	1.39135445887e-10	
0.000259629591476	7.34736571051e-06	3.95620734641e-07	1.76251165283e-07	4.4406588643e-07	
0.000476347466929	1.345351798e-05	7.24146785029e-07	3.22622520078e-07	8.128524545e-07	
0.000638372081229	1.80168937996e-05	9.69647681992e-07	4.3200398429e-07	1.0884422021e-06	
0.000747830101979	2.10998476678e-05	1.13550434784e-06	5.0590043398e-07	1.27462642436e-06	
0.000817958520383	2.30734069746e-05	1.24166077573e-06	5.53198644282e-07	1.39379580988e-06	
0.000854908171506	2.41128079819e-05	1.29756460833e-06	5.78106904344e-07	1.45655303518e-06	
0.000866054782708	2.44259821181e-05	1.31440420322e-06	5.85610020725e-07	1.47545744139e-06	
0.000864986791348	2.43909767646e-05	1.31247148392e-06	5.84751350834e-07	1.47329456072e-06	
0.000856964052763	2.41658759396e-05	1.30036954019e-06	5.79358877589e-07	1.45970797134e-06	
0.000828869941632	2.33750441805e-05	1.25782835513e-06	5.60404553916e-07	1.41195195792e-06	
0.000815344493388	2.29908913639e-05	1.23712967768e-06	5.51183929248e-07	1.3887206949e-06	
0.000779248478082	2.19751464648e-05	1.18249337639e-06	5.26840451499e-07	1.32738650005e-06	
0.000764291045211	2.15514377715e-05	1.15967451036e-06	5.16674791637e-07	1.30177410481e-06	
0.000730633856791	2.06002356921e-05	1.1084695125e-06	4.93862238235e-07	1.24429759091e-06	
0.000708287801019	1.99730393501e-05	1.0747491999e-06	4.78837133772e-07	1.2064411588e-06	
0.000686774104188	1.93650218936e-05	1.04201844869e-06	4.64255103038e-07	1.1697015503e-06	
0.000652453315092	1.8395755926e-05	9.89847938189e-07	4.41012056265e-07	1.11114032441e-06	
0.000634951016783	1.79050320452e-05	9.63470112039e-07	4.29258340078e-07	1.08152624347e-06	
0.000616948141782	1.73964916897e-05	9.3609697459e-07	4.17063067397e-07	1.05080007248e-06	
0.000590754614118	1.66569281275e-05	8.96291942709e-07	3.99328997829e-07	1.00611878179e-06	
0.000565194855584	1.59383746144e-05	8.57648518256e-07	3.8211086525e-07	9.62737048624e-07	
0.000553660930139	1.56125941477e-05	8.40113094571e-07	3.74298452511e-07	9.43053554959e-07	
0.000537129472634	1.51458593761e-05	8.14992635506e-07	3.63106668763e-07	9.14855661743e-07	
0.0005154572133	1.45341306508e-05	7.8206976637e-07	3.48438668337e-07	8.77899364086e-07	
0.000491351668268	1.38561346702e-05	7.45604291434e-07	3.32191124799e-07	8.36963103731e-07	
0.000482633522482	1.36099651141e-05	7.32354807787e-07	3.26288137862e-07	8.22090428461e-07	
0.000470890535741	1.32784834997e-05	7.14514535005e-07	3.18339810667e-07	8.02064473143e-07	
0.000456066757255	1.28601123892e-05	6.9199859056e-07	3.08308326657e-07	7.76789958096e-07	
0.000438113075764	1.23534672435e-05	6.64732471804e-07	2.96160493977e-07	7.46183255676e-07	
0.000418595757127	1.18044667155e-05	6.3520439096e-07	2.83004000733e-07	7.13035011941e-07	
0.000411487316892	1.16038185646e-05	6.24405695332e-07	2.78192859334e-07	7.00913251894e-07	
0.000402577394241	1.13523634512e-05	6.10873002162e-07	2.7216363733e-07	6.8572251065e-07	
0.000391851529656	1.10496938656e-05	5.94584383039e-07	2.64906565904e-07	6.67438175442e-07	
0.0003792994222	1.0695519583e-05	5.75524220669e-07	2.56414688105e-07	6.46042718075e-07	
0.000364915059507	1.02896713285e-05	5.53683406109e-07	2.46683946725e-07	6.21525916315e-07	
0.000349291255512	9.8501123012e-06	5.30040870897e-07	2.36149852564e-07	5.94984907613e-07	
0.000343393667828	9.68368901223e-06	5.2108460012e-07	2.32159537359e-07	5.84931228993e-07	
0.000336445500304	9.48763735441e-06	5.10533989073e-07	2.27458895335e-07	5.73087866061e-07	
0.00032844969346	9.26204041288e-06	4.98393508415e-07	2.22049919013e-07	5.59459839023e-07	
0.000319411695048	9.00705198343e-06	4.84671433775e-07	2.15936296181e-07	5.44056439335e-07	
0.00030933952603	8.72289843327e-06	4.69379945896e-07	2.09123454499e-07	5.26891342113e-07	
0.000298243846567	8.40988056191e-06	4.52535230776e-07	2.01618606118e-07	5.0798271853e-07	
0.000286138022	8.06837546198e-06	4.34157579805e-07	1.93430792288e-07	4.8735334822e-07	
0.00027946030841	7.88084260114e-06	4.24074169975e-07	1.8893785975e-07	4.76033212681e-07	
0.000273949348837	7.72536945021e-06	4.15707575058e-07	1.85210251471e-07	4.66641424997e-07	
0.000267847327478	7.55322788916e-06	4.06444033592e-07	1.81083028113e-07	4.56242798147e-07	
0.000261164306632	7.36470178262e-06	3.9629882032e-07	1.76562995536e-07	4.44854479654e-07	
0.000253911878251	7.16011813508e-06	3.85289531393e-07	1.71657993865e-07	4.32496222888e-07	
0.000246103197191	6.93984802874e-06	3.73436134835e-07	1.66376919972e-07	4.19190443718e-07	
0.000237753014479	6.70430756139e-06	3.60761021023e-07	1.60729749959e-07	4.04962277156e-07	
0.000228877710557	6.4539587842e-06	3.47289053153e-07	1.54727561642e-07	3.89839634012e-07	
0.000219704198442	6.19576232865e-06	3.33400343859e-07	1.48539420346e-07	3.74248414219e-07	
0.000215210828505	6.06901397892e-06	3.26579702526e-07	1.45500581274e-07	3.66591993191e-07	
0.000210389380489	5.93301391707e-06	3.19261215774e-07	1.42239939318e-07	3.58376734811e-07	
0.000205249719546	5.78804040799e-06	3.1145985709e-07	1.3876416594e-07	3.49619447975e-07	
0.000199802611204	5.63439710909e-06	3.03191966376e-07	1.35080541374e-07	3.40338475401e-07	
0.000194059738036	5.47241354049e-06	2.9447527526e-07	1.31196965905e-07	3.30553722033e-07	
0.000188033716342	5.30244555527e-06	inf	1.27121971139e-07	3.20286683443e-07	
0.000181738112815	5.12487580972e-06	inf	1.22864731277e-07	3.09560474238e-07	
0.000175187461222	4.94011423354e-06	inf	1.1843507439e-07	2.98399856462e-07	
0.000168397279079	4.74859850014e-06	inf	1.13843493691e-07	2.86831268e-07	
0.000161384084321	4.55079449679e-06	inf	1.09101158809e-07	2.74882850986e-07	
0.00015586577903	4.39549215605e-06	inf	1.05379118843e-07	2.65505050646e-07	
0.000151673203359	4.27724294352e-06	inf	1.02544105755e-07	2.58362172398e-07	
0.000147314642076	4.15431327989e-06	inf	9.95968834809e-08	2.5093658059e-07	
0.00014279914292	4.02695835521e-06	inf	9.65435701876e-08	2.43243690083e-07	
0.000138136295118	3.8954486305e-06	inf	9.33906501577e-08	2.35299838173e-07	
0.000133336237712	3.76007007267e-06	inf	9.0144979421e-08	2.2712229878e-07	
0.000128409667895	3.6211243895e-06	inf	8.68137913874e-08	2.18729296643e-07	
0.000123367849339	3.47892926453e-06	inf	8.34047024791e-08	2.10140021506e-07	
0.000118222620527	3.33381859202e-06	inf	7.99257177632e-08	2.01374642316e-07	
0.000112986403084	3.18614271193e-06	inf	7.63852365845e-08	1.92454321407e-07	
0.000107672210107	3.03626864479e-06	inf	7.27920581981e-08	1.83401228699e-07	
0.000102293654498	2.8845803267e-06	inf	6.91553874016e-08	1.74238555883e-07	
9.68649572951e-05	2.73147884421e-06	inf	6.54848401678e-08	1.64990530614e-07	
9.28432953098e-05	2.61823133037e-06	inf	6.2770447974e-08	1.58151539401e-07	
8.89112184165e-05	2.50733784517e-06	inf	6.01118205338e-08	1.51453068414e-07	
8.49058494404e-05	2.39437791838e-06	inf	5.74036531165e-08	1.44629780367e-07	
8.08346022558e-05	2.27956064939e-06	inf	5.46509588395e-08	1.3769430592e-07	
7.67052145861e-05	2.16310427065e-06	inf	5.18589697821e-08	1.30659827414e-07	
7.25257521555e-05	2.04523626482e-06	inf	4.90331397925e-08	1.23540085941e-07	
6.83046128417e-05	1.92619348185e-06	inf	4.61791472951e-08	1.16349388417e-07	
6.40505308278e-05	1.80622225601e-06	inf	4.33028980977e-08	1.09102614654e-07	
5.97725807545e-05	1.68557852307e-06	inf	4.04105281986e-08	1.01815224437e-07	
5.5480181872e-05	1.56452793733e-06	inf	3.75084065941e-08	9.45032645906e-08	
5.1183102193e-05	1.44334598875e-06	inf	3.46031380853e-08	8.7183376057e-08	
4.68914626439e-05	1.32231812e-06	inf	3.17015660858e-08	7.98728009661e-08	
4.26157412176e-05	1.20173984359e-06	inf	2.88107754286e-08	7.25893897091e-08	
3.83667771253e-05	1.08191685896e-06	inf	2.59380951733e-08	6.53516080113e-08	
3.41557749492e-05	9.63165169553e-07	inf	2.30911014136e-08	5.8178544005e-08	
3.03021850367e-05	8.54540257346e-07	inf	2.04870760807e-08	5.16176389681e-08	
2.65594091659e-05	7.48990270304e-07	inf	1.79565748906e-08	4.52419854117e-08	
2.27919816663e-05	6.4274546457e-07	inf	1.54094172518e-08	3.88243656031e-08	
1.90055579608e-05	5.3596534089e-07	inf	1.28494271509e-08	3.23744141611e-08	
1.52059855889e-05	4.28814817983e-07	inf	1.0280558468e-08	2.59020929733e-08	
1.13993062727e-05	3.214642908e-07	inf	7.70689637307e-09	1.94176947156e-08	
7.59175798264e-06	2.14089688782e-07	inf	5.13265872312e-09	1.29318463708e-08	
3.78977700343e-06	1.06872534117e-07	inf	2.56219745854e-09	6.45551274758e-09	
0.0	0.0	inf	0.0	0.0	
changement
