0.0	0.0	0.0	0.0	0.0	
0.0	0.0	0.0	0.0	0.0	
0.0	0.0	0.0	0.0	0.0	
0.0	0.0	0.0	0.0	0.0	
0.0	0.0	0.0	0.0	0.0	
0.0	0.0	0.0	0.0	0.0	
0.0	0.0	0.0	0.0	0.0	
0.0	0.0	0.0	0.0	0.0	
0.0	0.0	0.0	0.0	0.0	
0.0	0.0	0.0	0.0	0.0	
0.0	0.0	0.0	0.0	0.0	
0.0	0.0	0.0	0.0	0.0	
0.0	0.0	0.0	0.0	0.0	
0.0	0.0	0.0	0.0	0.0	
0.0	0.0	0.0	0.0	0.0	
0.0	0.0	0.0	0.0	0.0	
0.0	0.0	0.0	0.0	0.0	
0.0	0.0	0.0	0.0	0.0	
0.0	0.0	0.0	0.0	0.0	
0.0	0.0	0.0	0.0	0.0	
0.0	0.0	0.0	0.0	0.0	
0.0	0.0	0.0	0.0	0.0	
0.0	0.0	0.0	0.0	0.0	
0.0	0.0	0.0	0.0	0.0	
0.0	0.0	0.0	0.0	0.0	
0.0	0.0	0.0	0.0	0.0	
0.0	0.0	0.0	0.0	0.0	
0.0	0.0	0.0	0.0	0.0	
0.0	0.0	0.0	0.0	0.0	
0.0	0.0	0.0	0.0	0.0	
0.0	0.0	0.0	0.0	0.0	
0.0	0.0	0.0	0.0	0.0	
0.0	0.0	0.0	0.0	0.0	
0.0	0.0	0.0	0.0	0.0	
0.0	0.0	0.0	0.0	0.0	
0.0	0.0	0.0	0.0	0.0	
0.0	0.0	0.0	0.0	0.0	
0.0	0.0	0.0	0.0	0.0	
0.0	0.0	0.0	0.0	0.0	
0.0	0.0	0.0	0.0	0.0	
0.0	0.0	0.0	0.0	0.0	
0.0	0.0	0.0	0.0	0.0	
0.0	0.0	0.0	0.0	0.0	
0.0	0.0	0.0	0.0	0.0	
0.0	0.0	0.0	0.0	0.0	
0.0	0.0	0.0	0.0	0.0	
0.0	0.0	0.0	0.0	0.0	
0.0	0.0	0.0	0.0	0.0	
0.0	0.0	0.0	0.0	0.0	
0.0	0.0	0.0	0.0	0.0	
0.0	0.0	0.0	0.0	0.0	
0.0	0.0	0.0	0.0	0.0	
0.0	0.0	0.0	0.0	0.0	
0.0	0.0	0.0	0.0	0.0	
0.0	0.0	0.0	0.0	0.0	
0.0	0.0	0.0	0.0	0.0	
0.0	0.0	0.0	0.0	0.0	
0.0	0.0	0.0	0.0	0.0	
0.0	0.0	0.0	0.0	0.0	
0.0	0.0	0.0	0.0	0.0	
0.0	0.0	0.0	0.0	0.0	
0.0	0.0	0.0	0.0	0.0	
0.0	0.0	0.0	0.0	0.0	
0.0	0.0	0.0	0.0	0.0	
0.0	0.0	0.0	0.0	0.0	
0.0	0.0	0.0	0.0	0.0	
0.0	0.0	0.0	0.0	0.0	
0.0	0.0	0.0	0.0	0.0	
0.0	0.0	0.0	0.0	0.0	
0.0	0.0	0.0	0.0	0.0	
0.0	0.0	0.0	0.0	0.0	
0.0	0.0	0.0	0.0	0.0	
0.0	0.0	0.0	0.0	0.0	
0.0	0.0	0.0	0.0	0.0	
0.0	0.0	0.0	0.0	0.0	
0.0	0.0	0.0	0.0	0.0	
0.0	0.0	0.0	0.0	0.0	
0.0	0.0	0.0	0.0	0.0	
0.0	0.0	0.0	0.0	0.0	
0.0	0.0	0.0	0.0	0.0	
0.0	0.0	0.0	0.0	0.0	
0.0	0.0	0.0	0.0	0.0	
0.0	0.0	0.0	0.0	0.0	
0.0	0.0	0.0	0.0	0.0	
0.0	0.0	0.0	0.0	0.0	
0.0	0.0	0.0	0.0	0.0	
0.0	0.0	0.0	0.0	0.0	
0.0	0.0	0.0	0.0	0.0	
0.0	0.0	0.0	0.0	0.0	
0.0	0.0	0.0	0.0	0.0	
0.0	0.0	0.0	0.0	0.0	
0.0	0.0	0.0	0.0	0.0	
0.0	0.0	0.0	0.0	0.0	
0.0	0.0	0.0	0.0	0.0	
0.0	0.0	0.0	0.0	0.0	
0.0	0.0	0.0	0.0	0.0	
0.0	0.0	0.0	0.0	0.0	
0.0	0.0	0.0	0.0	0.0	
0.0	0.0	0.0	0.0	0.0	
0.0	0.0	0.0	0.0	0.0	
0.0	0.0	0.0	0.0	0.0	
0.0	0.0	0.0	0.0	0.0	
0.0	0.0	0.0	0.0	0.0	
0.0	0.0	0.0	0.0	0.0	
0.0	0.0	0.0	0.0	0.0	
0.0	0.0	0.0	0.0	0.0	
0.0	0.0	0.0	0.0	0.0	
0.0	0.0	0.0	0.0	0.0	
0.0	0.0	0.0	0.0	0.0	
0.0	0.0	0.0	0.0	0.0	
0.0	0.0	0.0	0.0	0.0	
0.0	0.0	0.0	0.0	0.0	
0.0	0.0	0.0	0.0	0.0	
0.0	0.0	0.0	0.0	0.0	
0.0	0.0	0.0	0.0	0.0	
0.0	0.0	0.0	0.0	0.0	
0.0	0.0	0.0	0.0	0.0	
0.0	0.0	0.0	0.0	0.0	
0.0	0.0	0.0	0.0	0.0	
0.0	0.0	0.0	0.0	0.0	
0.0	0.0	0.0	0.0	0.0	
0.0	0.0	0.0	0.0	0.0	
0.0	0.0	0.0	0.0	0.0	
0.0	0.0	0.0	0.0	0.0	
0.0	0.0	0.0	0.0	0.0	
0.0	0.0	0.0	0.0	0.0	
0.0	0.0	0.0	0.0	0.0	
0.0	0.0	0.0	0.0	0.0	
0.0	0.0	0.0	0.0	0.0	
0.0	0.0	0.0	0.0	0.0	
0.0	0.0	0.0	0.0	0.0	
0.0	0.0	0.0	0.0	0.0	
0.0	0.0	0.0	0.0	0.0	
0.0	0.0	0.0	0.0	0.0	
0.0	0.0	0.0	0.0	0.0	
0.0	0.0	0.0	0.0	0.0	
0.0	0.0	0.0	0.0	0.0	
0.0	0.0	0.0	0.0	0.0	
0.0	0.0	0.0	0.0	0.0	
0.0	0.0	0.0	0.0	0.0	
0.0	0.0	0.0	0.0	0.0	
0.0	0.0	0.0	0.0	0.0	
0.0	0.0	0.0	0.0	0.0	
0.0	0.0	0.0	0.0	0.0	
0.0	0.0	0.0	0.0	0.0	
0.0	0.0	0.0	0.0	0.0	
0.0	0.0	0.0	0.0	0.0	
0.0	0.0	0.0	0.0	0.0	
0.0	0.0	0.0	0.0	0.0	
0.0	0.0	0.0	0.0	0.0	
0.00023259443112	0.0	0.00947120786311	0.0	0.0	
0.000529270903011	0.0	0.0137234587447	0.0	0.0	
0.000633477681113	0.0	0.0154272264356	0.0	0.0	
0.000673815644293	0.00122878928145	0.0162831417806	0.0	0.0	
0.00095285352729	0.00211484931355	0.0249831110334	0.0	0.0	
0.00116293589428	0.00245399252358	0.028424058261	0.0	0.0	
0.00124565819848	0.00257941300147	0.029635151255	0.0	0.0	
0.00127172738808	0.00382935498342	0.0313591190275	0.0	0.0	
0.0013857495521	0.00451309665088	0.033105605477	0.0	0.0	
0.00141686125892	0.0047727944029	0.0333141415011	0.0	0.0	
0.00140062141988	0.00495663089277	0.0326208699042	0.0	0.0	
0.00141885564068	0.00532020863101	0.0338457034523	0.0	0.0	
0.00144552119885	0.00539968827834	0.033963225753	0.0	0.0	
0.00142592729822	0.0053147798371	0.0331987675435	0.0	0.0	
0.00137863819498	0.00544409249113	0.0326894942664	0.0	0.0	
0.00139616390001	0.00550777309142	0.0328216490911	0.0	0.0	
0.00137775322428	0.00541075601343	0.0320941803342	0.000622977067118	0.0	
0.00133227257287	0.00525682532821	0.0308490141667	0.00107754568141	0.0	
0.00129988866292	0.00532174576364	0.0306439591514	0.0012512804098	0.0	
0.00128892240158	0.00523003753878	0.0300862101805	0.00131562581716	0.0	
0.00125029925021	0.00504439485878	0.0289992776161	0.00195084999613	0.0	
0.00119515939418	0.0049628716714	0.027930763201	0.00230110865109	0.0	
0.00117944017935	0.00489927559711	0.0276278313351	0.00243430376108	0.0	
0.0011505751905	0.00473936029776	0.0267607752831	0.00252698873846	4.30612174124e-05	
0.00110404065906	0.00452215645218	0.0255575141117	0.00271337186998	7.19968216566e-05	
0.00106065048114	0.00449250471992	0.0249757774165	0.00275442900586	8.31682142056e-05	
0.00104336339326	0.00436926308677	0.0243662507608	0.00271142272823	8.72597706541e-05	
0.00100669097731	0.00418457739274	0.0233859731399	0.00277660691532	0.000130460734205	
0.000958535146759	0.00405262041233	0.0222765591249	0.00280959268945	0.00015298381874	
0.000934448475201	0.00397269801927	0.0219477623649	0.00276040334871	0.000161470446009	
0.000908278045391	0.00382521388291	0.0212039165932	0.00268124840027	0.000168115789946	
0.000869155344966	0.00363795877688	0.0202137891132	0.00271485822486	0.000180032824207	
0.000826932774846	0.00357156712463	0.0195775894565	0.00266836858045	0.00018250721586	
0.000811570948503	0.00346373904664	0.019076558456	0.00257384270133	0.000179507492276	
0.000781516417004	0.00331082729785	0.0182938981567	0.00253171567893	0.000184181598818	
0.00074277931366	0.00317782553919	0.017347830272	0.00249957442102	0.00018612361385	
0.000717877104101	0.00311096788696	0.0170371867673	0.00241817780282	0.00018271433853	
0.000696744162155	0.00299277116073	0.016460293884	0.00230748130848	0.000177831995886	
0.000665587260494	0.00284443444572	0.015692024795	0.0022919753625	0.000179817108107	
0.00062864437793	0.00277239789709	0.0150998038845	0.00222929945811	0.000176586631132	
0.000615129566393	0.00268878515988	0.01472623616	0.00213520032611	0.00017022775309	
0.00059114485202	0.00257014069624	0.014130480805	0.00206746483847	0.000167672219583	
0.00056033063272	0.00245029660158	0.0134054816351	0.00202690618748	0.000165384058938	
0.000536378885694	0.00240105186348	0.0130948800917	0.00195179734888	0.000159888340257	
0.000519024778761	0.0023113148354	0.0126664508838	0.00185634608326	0.000152486556519	
0.000493706918682	0.00219775911407	0.0120852823038	0.00182217676223	0.000151611260959	
0.000463731697243	0.00213006092156	0.0115631785526	0.00176731370238	0.000147343757851	
0.000448183286285	0.0020684845357	0.0112979594322	0.00168939352521	0.000141031598217	
0.000427431642943	0.001978971775	0.0108545027541	0.00162121279636	0.000136711240058	
0.000401053928792	0.00187524902259	0.0103068664552	0.00158726956582	0.000133890924672	
0.000376536452546	0.00184130041513	0.0100198981174	0.00152707190073	0.00012882242455	
0.000358644139214	0.00177488538092	0.0097090058868	0.00145145752322	0.000122432425622	
0.00033372084899	0.00168930183156	0.00927482792406	0.00141447090457	0.000120263195599	
0.00030391780743	0.00162887984641	0.00882519475191	0.00137193095617	0.000116515799361	
0.000279216536114	0.00158479845874	0.00864316557548	0.00131147459627	0.000111270076709	
0.000247914575611	0.0015181921204	0.00831714539395	0.00125007480859	0.000106857951113	
0.000201798733442	0.00143857769908	0.00790651760111	0.00122508505057	0.000104468320732	
6.54091780628e-05	0.00140775449433	0.0076504805602	0.0011793876571	0.000100373026368	
0.000208009771918	0.00135930026766	0.00742839931346	0.00112150692231	9.52781807261e-05	
0.000190740780767	0.00129530738771	0.00710636014985	0.00108678438644	9.2855570105e-05	
0.000175538591747	0.00124264051304	0.00672701818281	0.00105546679448	8.98968322713e-05	
0.000165906016549	0.00121170960843	0.00660285483531	0.00100986150918	8.57766945739e-05	
0.000157817551991	0.00116253668399	0.00636520563988	0.000956741513403	8.17423147188e-05	
0.000148348894794	0.00110275605714	0.00605866661302	0.00093953451703	7.98984315229e-05	
0.000138382433729	0.00107444396035	0.00583459517476	0.000905723933601	7.67137977549e-05	
0.000133859607227	0.00103943504537	0.00567811200483	0.000862108541425	7.27419942756e-05	
0.000127192397561	0.00099179828567	0.00544045656942	0.000831141165717	7.03724889012e-05	
0.000119331478786	0.000946486917194	0.00515588827892	0.000808737666115	6.80782306453e-05	
0.000113342360221	0.000925160558204	0.00504016269834	0.000774813731344	6.48618937536e-05	
0.000108473670897	0.000889038506026	0.00486818682961	0.000734234670512	6.12706736657e-05	
0.000102000886476	0.00084425794227	0.00464008863791	0.000718416225981	5.98163768334e-05	
9.45452629245e-05	0.000818868300751	0.00444645238879	0.000693764977968	5.72928542881e-05	
8.99583383725e-05	0.000793705774877	0.00433750859704	0.000661124480731	5.4132708548e-05	
8.35857377324e-05	0.000758328006233	0.00416289679916	0.000634153866725	5.18295420999e-05	
7.46179094944e-05	0.000719659720077	0.00394989686792	0.000618458310313	4.99189287391e-05	
0.000148055108063	0.000705193934977	0.00384499917276	0.000593432529549	4.72625156469e-05	
0.000201012142693	0.000678727387842	0.00372146354828	0.000562979587117	4.41668658209e-05	
0.000230498373842	0.000645198775351	0.00355222170063	0.00054848010493	4.25544462899e-05	
0.000250055994378	0.000622749464292	0.00338643730125	0.000530695827848	4.02521533968e-05	
0.000272786936527	0.000604801491205	0.00331225868191	0.000506451388632	3.73946999696e-05	
0.000291816061386	0.000578514502592	0.00318451611849	0.000483273046796	3.4783120007e-05	
0.000305416129258	0.000547434819273	0.00302538797046	0.000472490197467	3.24956266157e-05	
0.000317902854989	0.000535958434148	0.00293213092934	0.000454137820753	2.93848786768e-05	
0.000337499091453	0.000516521939212	0.00284411043215	0.000431354259919	2.54712318348e-05	
0.000351150151528	0.000491335519537	0.00271888400721	0.000418390869936	2.09682387012e-05	
0.000360168431251	0.000471609474774	0.00257796826712	0.000405679322839	1.86185318311e-05	
0.000376591188866	0.000458699404591	0.00252845146685	0.000387713426598	1.47988405677e-05	
0.000392892170814	0.000439028236951	0.00243543223834	0.000367969862412	1.35387377242e-05	
0.00040351205296	0.000415441064577	0.00231677963752	0.000360724766512	1.28556617286e-05	
0.00041122679059	0.000404520112076	0.00223506414044	0.000347335532055	1.2096032819e-05	
0.000432332255442	0.000390019913928	0.0021729477012	0.00033032913359	1.13025596495e-05	
0.000446126571745	0.000370851001303	0.00208056280192	0.000318929255275	1.08365046821e-05	
0.000454422139404	0.00035343645124	0.00197074349934	0.000309929547733	1.0392790185e-05	
0.000469773534687	0.000343785323146	0.00192943558357	0.000296656857315	9.84389231966e-06	
0.000488435658283	0.00032866687299	0.00186205304909	0.000280926536698	9.28950604773e-06	
0.000500028348895	0.000310354130757	0.0017737569352	0.000275214404362	9.045343249e-06	
0.000506282575482	0.000299729767875	0.00170295662666	0.00026549345818	8.66106605696e-06	
0.000530276273601	0.000288259818912	0.00165962682414	0.000252822168966	8.19845504283e-06	
0.000546635948072	0.000272992194672	0.00159168674802	0.000242915243869	7.89584326355e-06	
0.000556152507032	0.000257110659269	0.00150946018302	0.00023660767153	7.64396157382e-06	
0.000570964110725	0.000248774872392	0.0014717271217	0.000226826999221	7.29352917266e-06	
0.000593954632891	0.000235966832953	0.00142320149966	0.000215032911896	6.8884152078e-06	
0.000608064989161	0.000220450889833	0.00135762996366	0.000209776414669	6.74171166024e-06	
0.000615537277921	0.000208787973276	0.00129683369608	0.000202748798136	6.48885287435e-06	
0.000641303331825	0.000197386775483	0.00126703631087	0.000193317383927	6.16759383779e-06	
0.000661721044959	0.000182476623282	0.00121724023332	0.0001847810262	5.9258288618e-06	
0.000673575599429	0.000165036719789	0.00115575515185	0.000180403463166	5.76182877219e-06	
0.000687510467351	0.000151850152102	0.0011219737358	0.000173205292495	5.51598366582e-06	
0.000716500341883	0.000132195572329	0.00108725345551	0.000164360702643	5.22331376402e-06	
0.000734334652265	0.000101784361501	0.00103865303179	0.000159612456901	5.09777549462e-06	
0.000743880577665	8.61569855853e-05	0.000986818558349	0.000154541659879	4.92158297716e-06	
0.000771361118484	7.77443113733e-05	0.000966680338456	0.00014751528718	4.68874206451e-06	
0.000797282334605	7.14647710033e-05	0.000930300227338	0.000140199463925	4.48615366609e-06	
0.000812477940151	6.5768520103e-05	0.000884370719707	0.000137176314321	4.37574860791e-06	
0.000824680823588	6.28275776868e-05	0.000854563893121	0.000131865600295	4.19848144271e-06	
0.000861515629558	5.9533697209e-05	0.000829881979003	0.000125211768476	3.98240716531e-06	
0.00088433895152	5.58028591708e-05	0.000793909370389	0.000120961372604	3.87175634276e-06	
0.000896800648946	5.26602596746e-05	0.000751456308472	0.000117279894299	3.74688894598e-06	
0.000925618625601	5.0634221188e-05	0.000736616646167	0.000112011026586	3.57567152913e-06	
0.000958704624236	4.79052818745e-05	0.000710093804067	0.000105832984208	3.40397871941e-06	
0.000978351306681	4.47905454876e-05	0.000675782320601	0.000103626047986	3.32929262924e-06	
0.000987947614268	4.29179181643e-05	0.000649742426073	9.9653201976e-05	3.20023221459e-06	
0.00103435753587	4.08184059453e-05	0.000632271588867	9.45879772683e-05	3.03933435305e-06	
0.00106366529512	3.81765059539e-05	0.000605628540787	9.07675950007e-05	2.94160717612e-06	
0.00108001212296	3.54943618614e-05	0.000573678649716	8.80074075266e-05	2.85259769211e-06	
0.00110943477646	3.35928038941e-05	0.000559809238632	8.39622468479e-05	2.7258373069e-06	
0.00115171932359	3.07354571885e-05	0.000540434330977	7.91737673989e-05	2.58007075979e-06	
0.00117715771268	2.54174984998e-05	0.000514720239209	7.69266609506e-05	2.52959931063e-06	
0.00119006515311	0.000102491232117	0.000492048310673	7.37954460748e-05	2.43485008303e-06	
0.00124093701228	0.000123345771467	0.000479617986341	6.9780540951e-05	2.31427151235e-06	
0.00127858058203	0.000136787614516	0.000459752108128	6.62234876016e-05	2.22809207575e-06	
0.00130000447191	0.000146292496032	0.000435554176792	6.38930624198e-05	2.16406153554e-06	
0.00132884536522	0.000159391522978	0.000422694879656	6.05114888065e-05	2.06937473266e-06	
0.00138287747266	0.00016891312394	0.000408328180262	5.6500067371e-05	1.95701876929e-06	
0.00141578292008	0.000175627089034	0.000388817135006	5.3914453554e-05	1.91070261915e-06	
0.0014329965407	0.00018430119801	0.00036906382658	5.09246330312e-05	1.84024173254e-06	
0.00148798393079	0.000194227823486	0.000359879490409	4.71217466002e-05	1.74861881998e-06	
0.00153629183211	0.000201035944572	0.000344684156955	4.31111299323e-05	1.67207857748e-06	
0.00156429396655	0.000205405755695	0.000325960501428	3.98559885096e-05	1.62426741516e-06	
0.00159076087318	0.000216531721222	0.000313811130319	3.51969619813e-05	1.55158402118e-06	
0.00165975808724	0.000224702535529	0.00030253573241	2.86514179774e-05	1.46439007195e-06	
0.00170224761209	0.000229893182574	0.000287084567718	1.19168005896e-05	1.41834623133e-06	
0.00172511908051	0.000236809539417	0.000269402606691	1.97694367695e-05	1.36252149146e-06	
0.00178346922732	0.000247430652877	0.000261558688723	1.8037008275e-05	1.28925305778e-06	
0.00184538951055	0.000254242076122	0.000248820925749	1.65888468375e-05	1.21802756589e-06	
0.00188187799721	0.000258169104774	0.000233130025561	1.59174398185e-05	1.17590246053e-06	
0.00190336723352	0.000269376796566	0.000220468323245	1.50732407973e-05	1.11260084808e-06	
0.00199140458805	0.000278674976278	0.000209498163183	1.41437372055e-05	1.0356157802e-06	
0.00204616508723	0.000284283882664	0.000194817449933	1.34872703276e-05	9.77519907581e-07	
0.0020763909904	0.000290286307317	0.000177604318895	1.29882985508e-05	9.09636852559e-07	
0.00213677739899	0.000303126929513	0.000164825883283	1.2334349035e-05	7.98557514423e-07	
0.00221604501019	0.000311173322342	0.000147282607296	1.1599262917e-05	1.32186408851e-05	
0.00226344821576	0.000315642341445	0.000122842352457	1.12803162911e-05	1.66728422799e-05	
0.00228707688805	0.000327274260634	7.90010945966e-05	1.08231484322e-05	1.88371048504e-05	
0.00238850100663	0.000338711521738	0.0	1.02540770867e-05	2.03209995876e-05	
0.00245893956547	0.000345528779581	0.0	9.79116936184e-06	2.18711456809e-05	
0.00249868684114	0.000350498381808	0.0	9.49496012216e-06	2.34323760212e-05	
0.0025589816465	0.000366576718355	0.0	9.06130818744e-06	2.45508829313e-05	
0.00266031756982	0.0003766215291	0.0	8.54987611618e-06	2.53189559782e-05	
0.00272171772152	0.000382199396545	0.0	8.29021218816e-06	2.69153698947e-05	
0.00275341739693	0.000394202953656	0.0	7.97246179799e-06	2.80858523212e-05	
0.00286365292649	0.000408629590796	0.0	7.55913782636e-06	2.88650754181e-05	
0.00295406983646	0.000417265374881	0.0	7.16990714649e-06	2.98852048982e-05	
0.00300609085306	0.000421568140972	0.0	6.95251796745e-06	3.13112319661e-05	
0.00306305659836	0.000441050504545	0.0	6.62125449114e-06	3.22497628711e-05	
0.00319238452938	0.000453820973838	0.0	6.2226923127e-06	3.28150631209e-05	
0.00327166160701	0.000461007040459	0.0	5.96555367635e-06	3.43397110323e-05	
0.00331384220344	0.000473094082916	0.0	5.69507869783e-06	3.55679208716e-05	
0.00343153723002	0.000491430821666	0.0	5.33843630635e-06	3.63238982839e-05	
0.00354729282745	0.0005025116606	0.0	4.94493417035e-06	3.71799184639e-05	
0.00361503433139	0.000508185582599	0.0	4.67373154192e-06	3.88427358461e-05	
0.00366391530425	0.00052940208967	0.0	4.22535099352e-06	3.98943183546e-05	
0.003828525304	0.000545712894065	0.0	1.94880727937e-05	4.04876967725e-05	
0.00393046165759	0.000555044143956	0.0	2.60230073758e-05	4.20502680302e-05	
0.00398610978296	0.00056668509386	0.0	3.01889565937e-05	4.35241921233e-05	
0.00410865015037	0.000590005706121	0.0	3.30295068878e-05	4.44079218714e-05	
0.00425621119568	0.000604245060728	9.19196083769e-05	3.50096426876e-05	4.51222901619e-05	
0.00434383650336	0.000611741839995	0.000114732036558	3.79485068185e-05	4.71812310686e-05	
0.00438667537407	0.000634460985863	0.00013001094179	4.01392779698e-05	4.84703724432e-05	
0.00458626383255	0.000655256206756	0.000143963209535	4.16783639853e-05	4.91882745472e-05	
0.00471643095994	0.000667343613777	0.000154014269409	4.35281506004e-05	5.07991762022e-05	
0.00478901870002	0.000677706627424	0.000161123456709	4.58835635236e-05	5.26429108695e-05	
0.00491177756721	0.000707239661699	0.000172080730606	4.74938007243e-05	5.37468786553e-05	
0.00509836069062	0.000725458650961	0.00018115056855	4.85248472431e-05	5.4301685911e-05	
0.00521041476228	0.000735279708953	0.000187425547186	5.09801649739e-05	5.68662310711e-05	
0.00526699978915	0.000758963904117	0.000193777718457	5.29412388341e-05	5.84949122711e-05	
0.00548103947357	0.000785265769557	0.000204066201329	5.4187521479e-05	5.94096642516e-05	
0.00564489264282	0.000800760108449	0.000211018120372	5.56114653343e-05	6.1040055185e-05	
0.00573772461886	0.000808625657698	0.0002153965154	5.81739262224e-05	6.3376895014e-05	
0.00585283531305	0.000845580411739	0.000224504039893	5.98201007258e-05	6.47867184165e-05	
0.00608382167811	0.000868527016114	0.000233105560722	6.07746981238e-05	6.55050015198e-05	
0.00622368609743	0.000881137658475	0.000238527416103	6.32107776708e-05	6.830745643e-05	
0.00629577102746	0.000904704871283	0.000242835903865	6.54579358966e-05	7.0383300865e-05	
0.00651499705281	0.000937306726099	0.000253940139352	6.68202702829e-05	7.15669490253e-05	
0.00671448397317	0.000956682152715	0.000261032457848	6.79785057495e-05	7.31543232954e-05	
0.00682828759118	0.000966175437919	0.000265106339787	7.10701387019e-05	7.61236017526e-05	
0.00692301523882	0.00100528853404	0.000273316753427	7.30139431572e-05	7.79326582672e-05	
0.0071955434147	0.00103324323189	0.000282656143694	7.41031247114e-05	7.88794896083e-05	
0.00736048116764	0.00104873054733	0.000288250845448	7.65651563e-05	8.18902782863e-05	
0.0074453792641	0.00107014235767	0.000291008545785	7.93046783627e-05	8.45352802712e-05	
0.00764871707388	0.00110860206406	0.00030285202017	8.09452283415e-05	8.60672478655e-05	
0.0078727184747	0.00113144434059	0.000310308142637	8.17865756115e-05	8.75093799596e-05	
0.00799885264408	0.00114261683209	0.000314325391143	8.55909155126e-05	9.12687786269e-05	
0.00805523398937	0.00117993310144	0.000320918450515	8.79717336e-05	9.35808654309e-05	
0.0083410979158	0.00121127275851	0.000330377511968	8.92997476293e-05	9.48210387954e-05	
0.00851039641549	0.00122836709641	0.00033576356057	9.17142850284e-05	9.79747359248e-05	
0.00859254494828	0.00124420113229	0.000338067120379	9.506534648e-05	0.00010131980791	
0.00874154691419	0.00128443616365	0.000347451674573	9.70701836883e-05	0.000103283590715	
0.008948426008	0.00130773273073	0.000354044325476	9.80677506725e-05	0.000104427482908	
0.00905638222482	0.00131831447676	0.000357150422217	0.000102050745521	0.000109131456537	
0.00908928867374	0.00134701149662	0.000360676549233	0.000104920819177	0.000112046025333	
0.00928390630365	0.00137570367665	0.000367928050317	0.00010652098071	0.000113639100675	
0.00940582161204	0.00138997568021	0.000371447932289	0.000108697432311	0.000116799032081	
0.00944743709672	0.00139588306623	0.000372119611408	0.000112631588879	0.000120945510376	
0.00949739267241	0.00142758467812	0.00037654384901	0.000114975295091	0.000123401639738	
0.00961363130798	0.00144383562423	0.000379812604162	0.000116129968216	0.000124593935033	
0.00964980906324	0.00144835138029	0.000380242195316	0.000119919374624	0.000129749855836	
0.00962448317409	0.00146015472983	0.00037955502614	0.000123124737161	0.000133300693353	
0.0096688481129	0.00147554368908	0.00038179113616	0.00012487896218	0.000135257575778	
0.00968301135032	0.0014792300964	0.000381414780141	0.000126478937681	0.000138159284245	
0.00964048533305	0.00147391199694	0.000379018858462	0.000130587798658	0.000143050519534	
0.00957589458108	0.00148334553648	0.000377630530344	0.00013297125502	0.000145945816135	
0.00955457534656	0.00148380404578	0.000375988793453	0.000134059341478	0.000147348657346	
0.00948518576853	0.00147596020476	0.000372633729961	0.000136967999856	0.000152285928343	
0.00937852949298	0.00146801618425	0.00036804960025	0.000139899335826	0.000156265485198	
0.00928649025306	0.00146329706932	0.000364940918371	0.000141361669485	0.000158423675412	
0.0091860838647	0.00145153529607	0.00036049311536	0.000141950778071	0.000160612365191	
0.00905658129988	0.0014343136142	0.000355009689067	0.000145187483117	0.000165726902183	
0.00890742031891	0.00142124934053	0.000349518184394	0.000146850240897	0.000168676302976	
0.00877790840315	0.00140497831723	0.000344055950462	0.000147317501438	0.000169999433096	
0.00862748758536	0.00138444698698	0.000337852670797	0.000148509632417	0.000173819500506	
0.00846115887562	0.00136224014449	0.000331088851073	0.000150083758653	0.000177457131023	
0.00829505572178	0.00134175242937	0.000324742772293	0.000150465761407	0.000179250614932	
0.00812886003461	0.00131820847804	0.000318011171968	0.000149930456236	0.000180134632963	
0.0079524871732	0.00129234527485	0.000310926220892	0.000150884591191	0.00018415578459	
0.00776882074085	0.00126722885332	0.000303778576143	0.000150937213541	0.000186201123548	
0.00759232629135	0.00124143733686	0.000296754338321	0.000150144093433	0.000186745097032	
0.0074111983521	0.0012141712235	0.000289542535698	0.000149331837597	0.000188352052962	
0.00722646230553	0.00118609743662	0.000282215356548	0.000148856612921	0.000190286404968	
0.00704266318487	0.00115903494601	0.000275059053473	0.000147667034807	0.00019072746184	
0.00686179876963	0.00113114890568	0.000267902982981	0.000145918171328	0.000190012234392	
0.0066800581008	0.00110275759599	0.000260730301145	0.000144586994024	0.000191282701274	
0.00649851369083	0.00107472079263	0.000253614688104	0.000142934669722	0.000191306626231	
0.00632117737785	0.00104695702691	0.000246662760654	0.00014084833845	0.000190268005063	
0.0061457021792	0.00101909074072	0.000239762421218	0.000138587902314	0.00018928398191	
0.00597192596408	0.000991280299763	0.000232938322631	0.00013650575727	0.000188645670845	
0.00580092873204	0.000964231945784	0.000226264716857	0.000134112251966	0.000187105983738	
0.00563403868201	0.000937371130408	0.000219719232943	0.000131482443751	0.00018486750078	
0.0054698011226	0.000910787064957	0.000213283893264	0.000128926653262	0.000183204537595	
0.00530853845967	0.000884700084287	0.000206974185601	0.000126303923574	0.000181088478814	
0.00515126854086	0.000859184150907	0.000200833696021	0.000123530922942	0.000178427216659	
0.00499760168002	0.000834084550939	0.000194822271241	0.000120674501058	0.000175577482236	
0.00484730166216	0.000809448539449	0.000188945863435	0.000117919593113	0.000172922771486	
0.00470056391418	0.000785458841858	0.000183221337018	0.000115083221431	0.000169877062786	
0.00455790374742	0.000761991965948	0.000177647093675	0.0001121953036	0.000166534773097	
0.00441876411954	0.000739045080012	0.000172212546075	0.000109342807855	0.000163303448506	
0.00428318602086	0.000716663956844	0.000166918914976	0.000106518611066	0.000159971459787	
0.00415136545996	0.000694889666441	0.000161778403027	0.000103683888394	0.000156451102619	
0.00402322150577	0.000673656443117	0.000156777041639	0.000100854767908	0.000152836041964	
0.00389857990809	0.000652969909171	0.000151913553559	9.81028509675e-05	0.000149339898463	
0.00377743001136	0.000632867855709	0.000147189464102	9.53702674389e-05	0.000145741944906	
0.00365985409763	0.000613319176949	0.000142603751898	9.26657873911e-05	0.000142079831752	
0.00354565753371	0.000594306865479	0.000138149921867	9.00116790535e-05	0.000138468225199	
0.00343477171449	0.000575831128183	0.000133825863565	8.7415815346e-05	0.000134887715628	
0.00332717850936	0.000557901765405	0.000129632172196	8.4862274759e-05	0.000131294644202	
0.00322281847623	0.000540486391781	0.000125563372305	8.23558708799e-05	0.000127713197539	
0.003121567076	0.000523577057047	0.000121616192201	7.99151210491e-05	0.000124224627415	
0.00302336027651	0.000507173260091	0.000117788446653	7.75276339975e-05	0.000120762126406	
0.0029281581566	0.000491260442273	0.000114078057582	7.51930324691e-05	0.000117335644954	
0.0028358576349	0.000475822366513	0.00011048059604	7.29159306423e-05	0.000113974709677	
0.00274637571644	0.000460848935033	0.000106993221392	7.07006089651e-05	0.000110686206962	
0.00265964869117	0.000446335779641	0.000103613785967	6.85403242534e-05	0.000107451585038	
0.00257560944818	0.000432263837061	0.000100338858801	6.64356506067e-05	0.000104277025227	
0.00249416784599	0.000418622017004	9.71652721883e-05	6.43904119487e-05	0.000101186226872	
0.00241525280606	0.000405401115397	9.40902933458e-05	6.24014940712e-05	9.81623746296e-05	
0.00233879961242	0.000392589709196	9.11115016134e-05	6.04671409942e-05	9.52056472816e-05	
0.0022647339097	0.000380174423574	8.82256189496e-05	5.85873615773e-05	9.2322264003e-05	
0.00219298162333	0.000368144324688	8.54299568156e-05	5.67631825852e-05	8.95167541169e-05	
0.00212347807336	0.000356490453098	8.27220397714e-05	5.49912941689e-05	8.67810367424e-05	
0.00205615683646	0.000345200075332	8.00991927418e-05	5.32708881757e-05	8.41158217483e-05	
0.00199095081553	0.000334262490533	7.75587465984e-05	5.16019076533e-05	8.15261326837e-05	
0.00192779576913	0.000323667787102	7.50982305259e-05	4.9982886062e-05	7.90075909301e-05	
0.0018666304913	0.000313406082268	7.27153651608e-05	4.84121640857e-05	7.6558194807e-05	
0.00180739452962	0.000303466653074	7.0407624914e-05	4.68887078364e-05	7.41781786014e-05	
0.00175002742513	0.000293839837033	6.81727109818e-05	4.54120906742e-05	7.18682314025e-05	
0.00169447264853	0.000284516652711	6.60084240599e-05	4.39803596104e-05	6.96246491801e-05	
0.00164067345952	0.000275487461715	6.39125859988e-05	4.25923896003e-05	6.74462824408e-05	
0.00158857618216	0.000266743147785	6.18830296503e-05	4.12472425127e-05	6.53331070514e-05	
0.0015381274655	0.000258275042046	5.99176981658e-05	3.99437603778e-05	6.32831467509e-05	
0.00148927591126	0.000250074792753	5.80146302613e-05	3.86805803229e-05	6.12943601766e-05	
0.0014419716042	0.000242133840849	5.61718445721e-05	3.74565900346e-05	5.93656354075e-05	
0.00139616644915	0.000234444145653	5.43874510847e-05	3.62708771328e-05	5.74958523207e-05	
0.00135181327274	0.000226998002033	5.26596283065e-05	3.51221481634e-05	5.56830843902e-05	
0.00130886627581	0.000219787742722	5.09866074886e-05	3.40093133704e-05	5.39257338654e-05	
0.0012673075929	0.000212810329465	4.93676689434e-05	3.29320441346e-05	5.22237079341e-05	
0.00122704137056	0.000206049694069	4.77990710433e-05	3.18879539404e-05	5.05733034058e-05	
0.00118805274113	0.000199503479411	4.62802573627e-05	3.08766538277e-05	4.89739388756e-05	
0.00115030143512	0.000193164883716	4.480965012e-05	2.98971607223e-05	4.74242818808e-05	
0.00111374855941	0.000187027367862	4.33857245682e-05	2.89485605776e-05	4.59229340549e-05	
0.00107835617694	0.000181084624232	4.20070073885e-05	2.80298733171e-05	4.44684930877e-05	
0.00104408752297	0.000175330504473	4.06720731234e-05	2.71401711177e-05	4.30595151077e-05	
0.00101090710712	0.000169759031397	3.93795309231e-05	2.62785718314e-05	4.1694719892e-05	
0.000978780475854	0.000164364441768	3.81280391548e-05	2.54442260387e-05	4.03727662886e-05	
0.000947674269092	0.000159141153167	3.69163001463e-05	2.46362627306e-05	3.9092364731e-05	
0.000917556147158	0.000154083736765	3.57430532666e-05	2.38538638133e-05	3.7852268875e-05	
0.000888394774545	0.000149186937301	3.46070772602e-05	2.30962452626e-05	3.66512309079e-05	
0.000860159823243	0.000144445675874	3.3507190851e-05	2.23626271221e-05	3.54880810079e-05	
0.000832821960442	0.000139855024082	3.24422506651e-05	2.16522529018e-05	3.43616504563e-05	
0.000806352679851	0.000135410203512	3.1411146715e-05	2.09643962436e-05	3.32708021655e-05	
0.000780724429863	0.000131106592285	3.04128053094e-05	2.02983562514e-05	3.22144267569e-05	
0.000755910525609	0.000126939712789	2.94461872462e-05	1.96534400001e-05	3.11914771518e-05	
0.000731885123363	0.000122905228289	2.85102855141e-05	1.90289824581e-05	3.02009057558e-05	
0.000708623192842	0.000118998935378	2.76041244686e-05	1.8424341851e-05	2.92416926555e-05	
0.000686100483872	0.000115216767766	2.67267599218e-05	1.78388926561e-05	2.83128602025e-05	
0.000664293524733	0.00011155478443	2.5877277711e-05	1.72720267129e-05	2.74134742539e-05	
0.00064317958571	0.000108009170426	2.50547920662e-05	1.6723157508e-05	2.65425949519e-05	
0.00062273666106	0.000104576230787	2.42584454379e-05	1.61917174785e-05	2.56993280176e-05	
0.000602943432839	0.000101252387045	2.34874076683e-05	1.56771538663e-05	2.48828094708e-05	
0.000583779260357	9.80341748773e-05	2.27408748029e-05	1.5178932113e-05	2.409219849e-05	
0.000565224160378	9.49182393976e-05	2.20180681985e-05	1.46965353825e-05	2.33266740136e-05	
0.00054725878232	9.19013315797e-05	2.13182340795e-05	1.42294625031e-05	2.25854467693e-05	
0.00052986439136	8.89803053627e-05	2.06406425951e-05	1.37772270365e-05	2.1867747941e-05	
0.000513022845151	8.6152115189e-05	1.99845869907e-05	1.33393587589e-05	2.11728359987e-05	
0.000496716575159	8.34138115734e-05	1.9349382905e-05	1.29154022853e-05	2.04999903319e-05	
0.00048092857256	8.07625382173e-05	1.87343677951e-05	1.25049161912e-05	1.98485110669e-05	
0.00046564236837	7.81955298867e-05	1.81389000903e-05	1.2107472846e-05	1.92177222517e-05	
0.000450842016465	7.5710109447e-05	1.75623586009e-05	1.17226585514e-05	1.86069695248e-05	
0.000436512077672	7.33036839979e-05	1.70041418649e-05	1.13500723873e-05	1.80156177749e-05	
0.000422637602419	7.09737432595e-05	1.64636675238e-05	1.09893261054e-05	1.74430517124e-05	
0.000409204115196	6.87178568007e-05	1.59403717221e-05	1.06400437774e-05	1.68886756486e-05	
0.00039619760113	6.65336712494e-05	1.54337085003e-05	1.03018613716e-05	1.6351912688e-05	
0.000383604490515	6.44189079137e-05	1.49431492549e-05	9.97442640719e-06	1.58322046918e-05	
0.000371411644709	6.23713605594e-05	1.44681821613e-05	9.65739747393e-06	1.5329010021e-05	
0.000359606342512	6.03888929523e-05	1.40083116765e-05	9.35044406806e-06	1.48418046443e-05	
0.000348176266869	5.84694368069e-05	1.35630579875e-05	9.05324607741e-06	1.43700809157e-05	
0.000337109492526	5.66109895331e-05	1.31319565248e-05	8.76549363562e-06	1.39133474555e-05	
0.000326394472095	5.48116120722e-05	1.27145574869e-05	8.48688663164e-06	1.34711284238e-05	
0.0003160200257	5.30694270489e-05	1.23104253715e-05	8.21713447294e-06	1.30429628491e-05	
0.000305975328674	5.1382616734e-05	1.19191385023e-05	7.95595581117e-06	1.26284043047e-05	
0.000296249900427	4.9749421165e-05	1.15402886084e-05	7.70307825072e-06	1.22270206276e-05	
0.000286833593302	4.81681362669e-05	1.1173480396e-05	7.45823798839e-06	1.18383933403e-05	
0.000277716582192	4.66371121296e-05	1.0818331134e-05	7.22117961501e-06	1.14621172125e-05	
0.000268889354269	4.51547512821e-05	1.04744702489e-05	6.99165584581e-06	1.10977999713e-05	
0.000260342698981	4.37195070233e-05	1.01415389487e-05	6.76942724683e-06	1.0745061556e-05	
0.000252067698482	4.23298818025e-05	9.81918984403e-06	6.55426196357e-06	1.04035340834e-05	
0.000244055718491	4.09844256509e-05	9.50708658636e-06	6.34593552455e-06	1.00728613385e-05	
0.00023629839894	3.9681734685e-05	9.2049035155e-06	6.14423058938e-06	9.75269841088e-06	
0.000228787645519	3.84204496432e-05	8.91232532264e-06	5.94893671758e-06	9.44271134031e-06	
0.000221515621253	3.71992544637e-05	8.62904671988e-06	5.75985014976e-06	9.14257678363e-06	
0.000214474738183	3.60168749154e-05	8.35477212333e-06	5.57677360576e-06	8.85198165972e-06	
