8.7179072532e-28	7.49941279316e-09	1.19417366194e-11	6.2231694031e-15	5.87676423417e-15	
1.0189380052e-13	2.61481929146e-07	8.40397404025e-09	5.04062999378e-10	3.10927779127e-10	
1.95475557708e-13	4.8641480664e-07	1.51123730732e-08	9.6700133903e-10	5.77628419533e-10	
2.49709522711e-13	6.63037791951e-07	2.05932746353e-08	1.23527155002e-09	7.61913697638e-10	
3.0159567852e-13	7.75697334122e-07	2.48721738296e-08	1.4919120859e-09	9.20222655203e-10	
3.3907299344e-13	8.44344604675e-07	2.62135025928e-08	1.57230986913e-09	9.69841217905e-10	
3.50225557809e-13	8.72197207205e-07	2.70747385562e-08	1.73235327049e-09	1.03509292895e-09	
3.41747088494e-13	8.7892264072e-07	2.81823959848e-08	1.69031007824e-09	1.04269871346e-09	
3.42437615328e-13	8.80728526816e-07	2.82394137332e-08	1.69362855472e-09	1.044791829e-09	
3.34032405712e-13	8.59115575789e-07	2.75462954083e-08	1.65193430594e-09	1.01912864685e-09	
3.40223963668e-13	8.47526120572e-07	2.63016868151e-08	1.68247833585e-09	1.03800767656e-09	
3.19691324861e-13	8.22244262112e-07	2.63636738579e-08	1.58076432376e-09	9.75337158439e-10	
3.1630339964e-13	8.13536959106e-07	2.60842963758e-08	1.56390715249e-09	9.64985308022e-10	
3.09839598718e-13	7.72083205627e-07	2.39527480372e-08	1.53183048064e-09	9.45247252915e-10	
3.03156015539e-13	7.30946026425e-07	2.3436057902e-08	1.40476105509e-09	8.66959227328e-10	
2.75449474044e-13	7.08470979192e-07	2.27151829708e-08	1.36139789424e-09	8.40269311983e-10	
2.64152712606e-13	6.79872317055e-07	2.17835684381e-08	1.30539543035e-09	8.05782588954e-10	
2.72247394349e-13	6.56431619682e-07	2.10465460353e-08	1.261045309e-09	7.78492788199e-10	
2.59914780743e-13	6.47567588499e-07	2.00931234018e-08	1.20371905791e-09	7.43197023013e-10	
2.48652634118e-13	6.39551657185e-07	1.9222439837e-08	1.22841036173e-09	7.58441608364e-10	
2.36477177008e-13	6.08242111081e-07	1.95011896055e-08	1.16803731675e-09	7.21270118467e-10	
2.25134032743e-13	5.79043388607e-07	1.8565720688e-08	1.11176803664e-09	6.86635900331e-10	
2.27229066415e-13	5.47875762914e-07	1.7566175914e-08	1.05165496466e-09	6.49630887645e-10	
2.16021519093e-13	5.55609276845e-07	1.66997027006e-08	1.06650432335e-09	6.58803522513e-10	
2.02919797896e-13	5.22110381264e-07	1.67337200504e-08	1.00153829014e-09	6.18804065817e-10	
2.05920296804e-13	4.96499917979e-07	1.59187607384e-08	9.52459911966e-10	5.886231692e-10	
1.93889835544e-13	4.98688900468e-07	1.59890008269e-08	9.56662575316e-10	5.91220319783e-10	
1.82617065062e-13	4.69699040562e-07	1.50593289789e-08	9.00712649073e-10	5.56796569793e-10	
1.84118882498e-13	4.7356066269e-07	1.4233247705e-08	9.08120153312e-10	5.61375606406e-10	
1.72499358229e-13	4.43674630304e-07	1.42249036956e-08	8.5045539481e-10	5.25893817881e-10	
1.73278548833e-13	4.45681264151e-07	1.33951574182e-08	8.54297124443e-10	5.282694196e-10	
1.63256616953e-13	4.19904319488e-07	1.34626324053e-08	8.04505195033e-10	4.97657629248e-10	
1.62882487756e-13	4.18941192454e-07	1.25914058129e-08	8.02661661009e-10	4.96517178034e-10	
1.52760760266e-13	3.92910252265e-07	1.25970225189e-08	7.52376440644e-10	4.6560103453e-10	
1.53377619724e-13	3.94496354713e-07	1.18565477034e-08	7.55414698933e-10	4.67481183246e-10	
1.435018369e-13	3.69095288011e-07	1.18334091089e-08	7.0633940556e-10	4.37314402182e-10	
1.42450563936e-13	3.66444450117e-07	1.10117490091e-08	7.01164973054e-10	4.34110766634e-10	
1.34109342381e-13	3.44938728333e-07	1.10587826698e-08	6.59645049096e-10	4.08620818279e-10	
1.34032413405e-13	3.44740541631e-07	1.10524405714e-08	6.59266735864e-10	4.0838643517e-10	
1.33272391677e-13	3.21341417399e-07	1.03021428208e-08	6.5552848257e-10	3.80592540994e-10	
1.24015597513e-13	3.18977799998e-07	1.02263323503e-08	6.09509330901e-10	3.77791808072e-10	
1.24154375821e-13	3.19334549402e-07	9.59718711002e-09	6.1019146062e-10	3.78214584745e-10	
1.16044127224e-13	2.98474441541e-07	9.56888289805e-09	5.69811663719e-10	3.53429094524e-10	
1.1520725601e-13	2.96321720706e-07	9.4998764336e-09	5.65702429271e-10	3.50880292538e-10	
1.13857813513e-13	2.92950636584e-07	8.80113168606e-09	5.59076311668e-10	3.46770379026e-10	
1.06639910295e-13	2.74286822232e-07	8.79329506378e-09	5.23090226615e-10	3.24704571456e-10	
1.06213368956e-13	2.73189594469e-07	8.75812437885e-09	5.20998002153e-10	3.23405818533e-10	
1.0541367325e-13	2.71132558589e-07	8.148272411e-09	5.17075378001e-10	3.20970858183e-10	
9.77097329242e-14	2.51317457748e-07	8.05679925951e-09	4.78718155158e-10	2.97427143405e-10	
9.66229286982e-14	2.48522809616e-07	7.96718700862e-09	4.73393521089e-10	2.94118954354e-10	
9.61924886148e-14	2.47415599162e-07	7.43535372767e-09	4.71284664123e-10	2.92808708518e-10	
8.95090002728e-14	2.30225126994e-07	7.38045776506e-09	4.37946953844e-10	2.72374344221e-10	
8.8575843913e-14	2.27824879212e-07	7.30351511409e-09	4.33381266633e-10	2.69534772235e-10	
8.73710999466e-14	2.24726069746e-07	6.75334521445e-09	4.27486761802e-10	2.65868762989e-10	
8.59942745161e-14	2.07348270277e-07	6.64692481048e-09	3.93820247378e-10	2.45216550352e-10	
8.00239957681e-14	2.05829253696e-07	6.59823186498e-09	3.90935254965e-10	2.43420167399e-10	
7.92338358612e-14	2.03796839532e-07	6.53308125115e-09	3.87075171642e-10	2.41016633531e-10	
7.82423815402e-14	2.01246668632e-07	6.0475942856e-09	3.82231718334e-10	2.38000793738e-10	
7.22285924352e-14	1.85778680573e-07	nan	3.52231777801e-10	2.19613789277e-10	
7.09198234064e-14	1.82412344515e-07	nan	3.45849422955e-10	2.1563443152e-10	
6.97026189386e-14	1.79281984203e-07	nan	3.39913596209e-10	2.11933490824e-10	
6.88507687263e-14	1.7709091292e-07	nan	3.35759461213e-10	2.09343412246e-10	
6.36028200281e-14	1.63592698208e-07	nan	3.09543515339e-10	1.93292565854e-10	
6.25206185121e-14	1.60809139681e-07	nan	3.04276651757e-10	1.90003698217e-10	
6.12981742633e-14	1.57664858406e-07	nan	2.98327250845e-10	1.86288624573e-10	
5.99373411112e-14	1.5416462262e-07	nan	2.91704334786e-10	1.82152978797e-10	
5.47846234597e-14	1.40945582306e-07	nan	2.66014369722e-10	1.66401540765e-10	
5.38274342562e-14	1.38449649952e-07	nan	2.61366619704e-10	1.63493816229e-10	
5.2770578196e-14	1.35731293269e-07	nan	2.56234920453e-10	1.60283756847e-10	
5.16078724288e-14	1.3274067766e-07	nan	2.50589252308e-10	1.56752192476e-10	
5.0341517281e-14	1.21383139856e-07	nan	2.28546377389e-10	1.43249512207e-10	
4.59104208257e-14	1.18086246169e-07	nan	2.22338861991e-10	1.39358728643e-10	
4.4536975392e-14	1.14553584712e-07	nan	2.15687434352e-10	1.35189707658e-10	
4.30753442866e-14	1.10808901512e-07	nan	2.08608932826e-10	1.30753003297e-10	
4.19150803855e-14	1.07809987315e-07	nan	2.02989918809e-10	1.27231089267e-10	
4.06953660634e-14	9.81245373325e-08	nan	1.84198364959e-10	1.15717427289e-10	
3.69326160263e-14	9.49945595811e-08	nan	1.7832282481e-10	1.12026282064e-10	
3.56448686356e-14	9.16823293464e-08	nan	1.7210516376e-10	1.08120209246e-10	
3.42892502656e-14	8.81955267316e-08	nan	1.65559798595e-10	1.04008265784e-10	
3.28691222076e-14	8.45427974608e-08	nan	1.58702958718e-10	9.97006473523e-11	
3.1388234271e-14	7.56831811517e-08	nan	1.41582803718e-10	8.9179267734e-11	
2.80215040744e-14	7.20743304101e-08	nan	1.34831420149e-10	8.49267500191e-11	
2.67668434977e-14	6.8847205481e-08	nan	1.2879435912e-10	8.11241629496e-11	
2.5456406766e-14	6.54766176674e-08	nan	1.224889187e-10	7.71525309795e-11	
2.40928349273e-14	6.196936013e-08	nan	1.15927806843e-10	7.30198585181e-11	
2.26790506435e-14	5.46837057812e-08	nan	1.01894827619e-10	6.43746940728e-11	
1.98908756362e-14	5.11614624852e-08	nan	9.53316693073e-11	6.02282476972e-11	
1.84807115759e-14	4.75343653767e-08	nan	8.8573131602e-11	5.59583655189e-11	
1.70333648357e-14	4.38116303593e-08	nan	8.16363866826e-11	5.15758965117e-11	
1.55527168118e-14	4.00032409569e-08	nan	7.45400370447e-11	4.70925932874e-11	
1.41026893394e-14	3.51373363216e-08	nan	6.75904434638e-11	4.27020084278e-11	
1.26653249508e-14	3.05386505311e-08	nan	5.66466034832e-11	3.59122740725e-11	
1.04883007186e-14	2.69770603494e-08	nan	5.00401591007e-11	3.17239828075e-11	
9.06897420673e-15	2.3326395945e-08	nan	4.32684892064e-11	2.74309436084e-11	
7.61784947593e-15	1.95939431022e-08	nan	3.6345108111e-11	2.30417241525e-11	
6.13797719597e-15	1.57875485976e-08	nan	2.9284570697e-11	1.85655518088e-11	
4.63263218538e-15	1.15424384556e-08	nan	2.21025012735e-11	1.40123319302e-11	
3.10531952387e-15	7.48754843273e-09	nan	1.38165768083e-11	8.79435388189e-12	
1.46220264834e-15	3.76094401317e-09	nan	6.93997210557e-12	4.41734377422e-12	
0.0	0.0	nan	0.0	0.0	
changement
6.05474156891e-30	9.93776942829e-11	1.19417402105e-14	6.2231694348e-18	5.87676430615e-18	
1.11229499984e-14	2.81540984037e-08	9.03230405059e-10	5.32684069038e-11	3.27272924477e-11	
2.18545458333e-14	5.71318536581e-08	1.79876958229e-09	1.08165672137e-10	6.65773778363e-11	
3.33541826287e-14	8.4358859866e-08	2.66203317831e-09	1.6504272123e-10	9.84934383872e-11	
4.28960460572e-14	1.12575998363e-07	3.5407260079e-09	2.12236760465e-10	1.3513114735e-10	
5.51623509903e-14	1.40783528622e-07	4.40248538771e-09	2.72917509277e-10	1.62914570838e-10	
6.5360634863e-14	1.66881711988e-07	5.21681576657e-09	3.2336651261e-10	1.99484307788e-10	
7.80696706944e-14	1.93577540192e-07	6.23178189985e-09	3.74019828901e-10	2.30604010573e-10	
8.94630844812e-14	2.21901330894e-07	6.9176771773e-09	4.28488150124e-10	2.6428225394e-10	
9.93188039245e-14	2.5499609516e-07	7.92897050426e-09	4.91358956585e-10	2.93405144045e-10	
1.07530961141e-13	2.76058558879e-07	8.86900856147e-09	5.31984082297e-10	3.28136954141e-10	
1.21693094607e-13	3.0317310758e-07	9.40885102169e-09	6.02046793417e-10	3.59531622155e-10	
1.26951487659e-13	3.25953944578e-07	1.04702834299e-08	6.2805910775e-10	3.8738860374e-10	
1.39288667696e-13	3.5765893229e-07	1.14876479429e-08	6.8909299681e-10	4.25031955565e-10	
1.50987550581e-13	3.87735083532e-07	1.20559339001e-08	7.46969128224e-10	4.60727499879e-10	
1.61966442184e-13	4.03245220507e-07	1.29332187676e-08	8.01283492082e-10	4.94226130218e-10	
1.7216360268e-13	4.28608804448e-07	1.3747787859e-08	8.51730040316e-10	5.25339060953e-10	
1.8153382283e-13	4.51918335163e-07	1.44960226648e-08	8.98085990124e-10	5.5392899619e-10	
1.9004768482e-13	4.73100076337e-07	1.56732811744e-08	9.40204964768e-10	5.79905659352e-10	
1.97688120685e-13	5.24952393828e-07	1.63033007499e-08	9.78003120066e-10	6.03217368422e-10	
2.044495619e-13	5.42903238626e-07	1.68608349888e-08	1.01145273649e-09	6.2384704147e-10	
2.24372510341e-13	5.57420539389e-07	1.7346211241e-08	1.11001556903e-09	6.63022386124e-10	
2.29731136667e-13	5.71876605122e-07	1.83462213626e-08	1.13652515872e-09	7.0098823014e-10	
2.34189108872e-13	6.21881815404e-07	1.93132970632e-08	1.15857907372e-09	7.1458930056e-10	
2.53640510175e-13	6.31404924554e-07	1.96087937234e-08	1.1763086896e-09	7.49541837798e-10	
2.56563330603e-13	6.38684398497e-07	2.04897490346e-08	1.26926827845e-09	7.82859176718e-10	
2.58624613755e-13	6.86788901993e-07	2.13283491237e-08	1.27946526168e-09	7.89147158284e-10	
2.77205461001e-13	6.90081989339e-07	2.14304881082e-08	1.3713882995e-09	8.45843507058e-10	
2.77696404407e-13	7.14739001917e-07	2.29011261339e-08	1.37381664457e-09	8.47340093322e-10	
2.9591766547e-13	7.35579758775e-07	2.28770756922e-08	1.4639607179e-09	8.74496029702e-10	
2.94823705833e-13	7.58775899775e-07	2.43135457457e-08	1.4585482574e-09	8.99599750044e-10	
3.12552867859e-13	7.78124087427e-07	2.41630954663e-08	1.49776354674e-09	9.2367721858e-10	
3.09886397424e-13	7.9749895772e-07	2.55557042651e-08	1.53306580073e-09	9.4555961158e-10	
3.27011180355e-13	8.14137524849e-07	2.52808251459e-08	1.61778534627e-09	9.66403534584e-10	
3.22804525146e-13	8.30706433368e-07	2.66210224779e-08	1.59697404275e-09	9.84976139729e-10	
3.39229014108e-13	8.4455758737e-07	2.6225351648e-08	1.678228871e-09	1.03509214809e-09	
3.33538922268e-13	8.58291071363e-07	2.75062292803e-08	1.65007834165e-09	1.01772864851e-09	
3.49179027222e-13	8.69350432439e-07	2.788893203e-08	1.72745286466e-09	1.06545155105e-09	
3.42073734163e-13	9.08516703037e-07	2.82100615503e-08	1.69230125539e-09	1.04377004514e-09	
3.56865280112e-13	9.1828807078e-07	2.94298961118e-08	1.76547778366e-09	1.08890368966e-09	
3.71680696538e-13	9.25393408872e-07	2.87341293431e-08	1.83877240955e-09	1.09844178679e-09	
3.62314021806e-13	9.32276900902e-07	2.98792314695e-08	1.79243334951e-09	1.10552857108e-09	
3.76171370328e-13	9.67941770298e-07	3.00450644253e-08	1.86098822472e-09	1.14781168316e-09	
3.89975425029e-13	9.70987803909e-07	3.01484735769e-08	1.80858491105e-09	1.11548987724e-09	
3.78441401767e-13	9.73748354317e-07	3.12092230356e-08	1.87221805335e-09	1.1547373492e-09	
3.91199691964e-13	9.74035430654e-07	3.02431191112e-08	1.9353356724e-09	1.19366687326e-09	
4.03827008673e-13	1.00550196408e-06	3.12193411248e-08	1.87282387105e-09	1.15511076556e-09	
3.90257304108e-13	1.00412895906e-06	3.21836601386e-08	1.93067300175e-09	1.19079049172e-09	
4.01776978871e-13	1.000392315e-06	3.10608449663e-08	1.98766295223e-09	1.22594060771e-09	
4.13095939238e-13	1.02859895335e-06	3.19359061527e-08	1.91580982028e-09	1.18162276078e-09	
3.97650295627e-13	1.02312881563e-06	3.27933546614e-08	1.96724705907e-09	1.21334807802e-09	
4.07808109378e-13	1.04927494841e-06	3.25728090293e-08	2.01750012078e-09	1.24434350526e-09	
4.17705910056e-13	1.04009938483e-06	3.22923118192e-08	1.93718901695e-09	1.19480860459e-09	
4.00579283909e-13	1.03064375262e-06	3.30349164748e-08	1.98173685302e-09	1.2222847005e-09	
4.09284450079e-13	1.05304761481e-06	3.37528206747e-08	2.02480290199e-09	1.24884687699e-09	
4.1766409963e-13	1.03998946021e-06	3.22890965714e-08	2.06625856557e-09	1.27441581785e-09	
3.99060912287e-13	1.02672126246e-06	3.29097163125e-08	1.97422472291e-09	1.21765113742e-09	
4.06234901084e-13	1.04518466625e-06	3.35013478779e-08	2.00971575725e-09	1.23954123325e-09	
4.13031392203e-13	1.06267465158e-06	3.29904596292e-08	2.04333924364e-09	1.26027947247e-09	
4.19421647111e-13	1.04440726862e-06	3.24249966106e-08	2.07495301032e-09	1.23958479438e-09	
3.98767967193e-13	1.02595247244e-06	3.28855848807e-08	1.97277505655e-09	1.21675692178e-09	
4.03922387345e-13	1.03921959171e-06	3.33106664006e-08	1.99827491853e-09	1.23248470347e-09	
4.0862084996e-13	1.051317797e-06	3.26386899715e-08	2.02151908058e-09	1.24682123304e-09	
4.12841564844e-13	1.02804049235e-06	3.19163260276e-08	1.97840879412e-09	1.18089337217e-09	
3.90498598487e-13	1.00466597386e-06	3.22036541653e-08	1.9318645605e-09	1.19152431823e-09	
3.93482022881e-13	1.01234707675e-06	3.24496978239e-08	1.94662411958e-09	1.20062774884e-09	
3.95939692355e-13	1.01867571035e-06	3.16256536602e-08	1.9587826789e-09	1.20812695361e-09	
3.97846146592e-13	9.90686986541e-07	3.07570734646e-08	1.96821428168e-09	1.17581834818e-09	
3.74203534585e-13	9.62732383814e-07	3.08598585451e-08	1.85124952592e-09	1.1418030068e-09	
3.74884471304e-13	9.64494335184e-07	3.09160380559e-08	1.85461827317e-09	1.14388120141e-09	
3.74982000257e-13	9.64746841988e-07	3.0924069595e-08	1.85510080554e-09	1.14417859673e-09	
3.74465435055e-13	9.32477933483e-07	2.89495606638e-08	1.85254530542e-09	1.14260253837e-09	
3.73308464662e-13	9.29615564131e-07	2.88601215507e-08	1.73128540912e-09	1.06781224042e-09	
3.48245638199e-13	8.95944041675e-07	2.87191906658e-08	1.72283084615e-09	1.06259777602e-09	
3.45887972332e-13	8.89882799103e-07	2.85247634975e-08	1.71116710123e-09	1.0554039714e-09	
3.42857049081e-13	8.82089449862e-07	2.73859397569e-08	1.69617263673e-09	1.04615586473e-09	
3.39128043519e-13	8.44493400924e-07	2.62176886659e-08	1.6777246393e-09	1.03477770728e-09	
3.34679777833e-13	8.0717171783e-07	2.58738021027e-08	1.55213741051e-09	9.5731848995e-10	
3.08874348575e-13	7.94647932751e-07	2.54723381452e-08	1.52805384176e-09	9.42464442634e-10	
3.03280374526e-13	7.80259934691e-07	2.50110171857e-08	1.50037952979e-09	9.25395715703e-10	
2.96936314697e-13	7.63942085517e-07	2.37180766182e-08	1.46899441548e-09	9.0603825914e-10	
2.89817670214e-13	7.21703726498e-07	2.24055706275e-08	1.43377729851e-09	8.84317318987e-10	
2.81899714497e-13	6.79871648507e-07	2.17934434829e-08	1.30735994139e-09	8.06346151727e-10	
2.560690044e-13	6.58790590488e-07	2.11175931071e-08	1.26673749673e-09	7.81339981103e-10	
2.47077396172e-13	6.35663287664e-07	2.03760733647e-08	1.22225774615e-09	7.53904080796e-10	
2.37267855686e-13	6.10430249773e-07	1.95671002657e-08	1.17373175663e-09	7.23972438522e-10	
2.2661793922e-13	5.83030169425e-07	1.75196677992e-08	1.12104849355e-09	6.91476553711e-10	
2.15099172382e-13	5.35653745598e-07	1.6629162999e-08	9.97499497613e-10	6.15269695043e-10	
1.90007144328e-13	4.8883010122e-07	1.56695949498e-08	9.39940044577e-10	5.79766176061e-10	
1.77510949447e-13	4.56683254766e-07	1.46390555461e-08	8.78123346364e-10	5.41636761402e-10	
1.64130850808e-13	4.22262121692e-07	1.35356216402e-08	8.11934042227e-10	5.00810296382e-10	
1.49843349586e-13	3.85506207406e-07	1.23573552731e-08	7.4125588305e-10	4.57215078345e-10	
1.34624770217e-13	3.35245735245e-07	1.04077543892e-08	6.6597174534e-10	4.10778865294e-10	
1.18451263256e-13	2.94976856503e-07	9.15739240383e-09	5.4930597263e-10	3.38817957744e-10	
9.49625559878e-14	2.44310786877e-07	7.83142350842e-09	4.69767830146e-10	2.89757891878e-10	
7.79449366626e-14	2.00529024845e-07	6.42800630502e-09	3.85583931476e-10	2.37832295319e-10	
5.99630396653e-14	1.54267659859e-07	4.94506605935e-09	2.9662981311e-10	1.82964402004e-10	
4.09937735681e-14	1.05465666026e-07	3.38069840254e-09	2.02791241195e-10	1.25083752259e-10	
2.10138927232e-14	5.40631934282e-08	1.62457221543e-09	1.0395321891e-10	6.41194157853e-11	
0.0	0.0	0.0	0.0	0.0	
changement
1.68716883242e-29	2.76918366542e-10	3.32759567965e-14	1.73410167713e-17	1.63757502445e-17	
7.7194931798e-14	1.98289334371e-07	6.36783320593e-09	3.81909892447e-10	2.35584685649e-10	
1.51408734201e-13	4.02080759947e-07	1.2486958186e-08	7.49051753895e-10	4.6200913469e-10	
2.30483952886e-13	5.93345453262e-07	1.900776097e-08	1.140248782e-09	7.03283231006e-10	
3.15144486509e-13	7.84495839311e-07	2.43634560635e-08	1.55907805205e-09	9.3132535982e-10	
3.78377970255e-13	9.73527173373e-07	3.12039894566e-08	1.87190340179e-09	1.15454222889e-09	
4.46248192196e-13	1.14803454027e-06	3.6801092813e-08	2.20766756699e-09	1.36163101126e-09	
5.30230982107e-13	1.36403048829e-06	4.37269975535e-08	2.6231433843e-09	1.61788461338e-09	
6.04126019845e-13	1.55406505658e-06	4.82560946504e-08	2.98871266084e-09	1.84335748125e-09	
6.66496481597e-13	1.71446038198e-06	5.49646559161e-08	3.29706989255e-09	2.03366558037e-09	
7.16776699717e-13	1.84376005587e-06	5.91112531393e-08	3.54580670851e-09	2.18708290452e-09	
8.05410069017e-13	2.07173190315e-06	6.64207303719e-08	3.9842732729e-09	2.45752683842e-09	
8.89553107957e-13	2.21559006146e-06	6.87706255566e-08	4.26276205056e-09	2.54440082841e-09	
9.07714322859e-13	2.33484155404e-06	7.48577332437e-08	4.49037010772e-09	2.76961394079e-09	
9.75801006047e-13	2.50999317774e-06	8.04727787802e-08	4.82719201256e-09	2.97736130844e-09	
1.03786703966e-12	2.66959721477e-06	8.55913167594e-08	5.13422932476e-09	3.16673842522e-09	
1.09341573055e-12	2.8124699066e-06	9.01723812907e-08	5.40902461945e-09	3.33622965331e-09	
1.14230051811e-12	2.93820040209e-06	9.42038818037e-08	5.65085262394e-09	3.48538770626e-09	
1.18468852001e-12	3.04722322903e-06	9.76996043663e-08	5.8605398467e-09	3.61472256008e-09	
1.30160695054e-12	3.13856691276e-06	1.00626540269e-07	6.03610639817e-09	3.72301302993e-09	
1.3329660693e-12	3.32046137658e-06	1.03050936209e-07	6.59405683632e-09	4.06714940283e-09	
1.35714319516e-12	3.49085060024e-06	1.11921782129e-07	6.71365134441e-09	4.14091835197e-09	
1.37538509438e-12	3.53770771393e-06	1.13426206334e-07	6.80388227161e-09	4.19657738096e-09	
1.47959366665e-12	3.56765934842e-06	1.14386709009e-07	6.86148356775e-09	4.23211196384e-09	
1.4861780841e-12	3.82267969032e-06	1.14895778704e-07	7.35195552817e-09	4.53462962369e-09	
1.4868224799e-12	3.82433297228e-06	1.22616365467e-07	7.35512625523e-09	4.53659388238e-09	
1.58065714208e-12	3.93775121263e-06	1.22199939365e-07	7.81932013407e-09	4.52118337296e-09	
1.57066861405e-12	4.039995308e-06	1.29531077826e-07	7.76988620353e-09	4.79242424824e-09	
1.55518116389e-12	4.00015669428e-06	1.28253869846e-07	7.69324625147e-09	4.74516564218e-09	
1.63791863002e-12	4.21297105778e-06	1.35077128074e-07	8.10254078227e-09	4.9976155298e-09	
1.61305133839e-12	4.14900675612e-06	1.33026372434e-07	7.97949454742e-09	4.92173625359e-09	
1.6894164587e-12	4.34542661832e-06	1.39324107528e-07	8.35726442628e-09	5.15474252262e-09	
1.65476220018e-12	4.25629363723e-06	1.36466233762e-07	8.18579780941e-09	5.04900043308e-09	
1.72559693999e-12	4.43848886434e-06	1.42307886255e-07	8.5362080788e-09	5.26513217165e-09	
1.68241455994e-12	4.32741674457e-06	1.38746699632e-07	8.32254823143e-09	5.13336801938e-09	
1.74536883543e-12	4.48954734162e-06	1.43938465564e-07	8.63397352763e-09	5.32545476307e-09	
1.80887488175e-12	4.36162488388e-06	1.39843437702e-07	8.38828576518e-09	5.17393860824e-09	
1.75327644508e-12	4.5096839676e-06	1.44590602212e-07	8.67304051604e-09	5.34957569421e-09	
1.8086308676e-12	4.6520615185e-06	1.39824574505e-07	8.94686912378e-09	5.5184734479e-09	
1.74600007709e-12	4.4909709086e-06	1.43990535848e-07	8.63698754652e-09	5.32736620809e-09	
1.79629137794e-12	4.62032584246e-06	1.48137997116e-07	8.88576813214e-09	5.48081512176e-09	
1.8441947707e-12	4.4467892058e-06	1.42574007182e-07	8.55195266983e-09	5.27494807459e-09	
1.77130265227e-12	4.55604993737e-06	1.460772043e-07	8.76208642216e-09	5.40456017067e-09	
1.81179249374e-12	4.66019905123e-06	1.40068997885e-07	8.96238007211e-09	5.52810286996e-09	
1.73661041416e-12	4.46682030132e-06	1.43216176032e-07	8.59039622718e-09	5.29869685551e-09	
1.77230058487e-12	4.55861923604e-06	1.46159499768e-07	8.76694549008e-09	5.40759447355e-09	
1.80536412114e-12	4.64366191075e-06	1.39572010538e-07	8.93050173244e-09	5.50847777734e-09	
1.72081436036e-12	4.42618856344e-06	1.41913481806e-07	8.5121715713e-09	5.2504880952e-09	
1.74875610115e-12	4.49806232008e-06	1.44217807594e-07	8.65039044047e-09	5.33574376559e-09	
1.77549451415e-12	4.56683618404e-06	1.37262791497e-07	8.78265689725e-09	5.41732776096e-09	
1.79953395217e-12	4.33910480619e-06	1.3912126968e-07	8.34459250295e-09	5.14716869554e-09	
1.70685162109e-12	4.39027624744e-06	1.40756608885e-07	8.44300560054e-09	5.20787185378e-09	
1.72400088925e-12	4.43438531397e-06	1.33276783541e-07	8.52783715823e-09	5.26019755702e-09	
1.74059268867e-12	4.19698668735e-06	1.34559492642e-07	8.07116654375e-09	4.97856432829e-09	
1.64635482366e-12	4.23467305834e-06	1.35767832764e-07	8.14364446858e-09	5.02327052535e-09	
1.65841179226e-12	4.26568431807e-06	1.36762164341e-07	8.20328572069e-09	5.06005864083e-09	
1.66779448078e-12	4.28981683658e-06	1.28931809619e-07	8.24969869763e-09	5.08868712365e-09	
1.56967878526e-12	4.03744981548e-06	1.29444791864e-07	7.76424660381e-09	4.78930269739e-09	
1.57326042711e-12	4.04699442946e-06	1.29740431337e-07	7.78196440101e-09	4.80023123387e-09	
1.57808229899e-12	4.05906763439e-06	1.30137877761e-07	7.80581686796e-09	4.81494399858e-09	
1.58045817945e-12	3.9376530006e-06	1.22180249076e-07	7.8175704298e-09	4.82219357784e-09	
1.4813683348e-12	3.8103048341e-06	1.22162324768e-07	7.327297716e-09	4.51983647158e-09	
1.47866154836e-12	3.80334170532e-06	1.21939140683e-07	7.31391048194e-09	4.5115781287e-09	
1.47342764554e-12	3.78987839436e-06	1.21507554623e-07	7.28802332023e-09	4.4956092295e-09	
1.46563474544e-12	3.65160459785e-06	1.1330370578e-07	7.24947853308e-09	4.47183249991e-09	
1.36717680221e-12	3.51658957178e-06	1.12745517444e-07	6.76233311781e-09	4.17140369109e-09	
1.35887527692e-12	3.49523613973e-06	1.12060952416e-07	6.72127322644e-09	4.14607517546e-09	
1.34821947253e-12	3.46782710563e-06	1.11182238419e-07	6.66856855081e-09	4.1135634866e-09	
1.33518979807e-12	3.43431208001e-06	1.03219484873e-07	6.60412218569e-09	4.07380884907e-09	
1.31977250785e-12	3.18229064573e-06	1.02027644574e-07	6.11934084747e-09	3.77483560354e-09	
1.22051050638e-12	3.13933967672e-06	1.00650634211e-07	6.0367510652e-09	3.72388817016e-09	
1.20156576473e-12	3.09084013251e-06	9.90883588991e-08	5.94304962154e-09	3.66608630472e-09	
1.18365742411e-12	3.04455049728e-06	9.15050299957e-08	5.85447429162e-09	3.61144668107e-09	
1.16375251719e-12	2.80609119013e-06	8.99662602881e-08	5.3957836783e-09	3.32856296167e-09	
1.07021519466e-12	2.75275971006e-06	8.82564288014e-08	5.29323508435e-09	3.26530231535e-09	
1.04741030804e-12	2.69410155039e-06	8.6375817447e-08	5.18044388422e-09	3.19572320182e-09	
1.02254330256e-12	2.63013929219e-06	8.43251500461e-08	5.05745349085e-09	3.11985240271e-09	
9.95628530278e-13	2.5609098541e-06	7.69691240727e-08	4.92433488607e-09	3.03773370633e-09	
9.66686135465e-13	2.33091510056e-06	7.47316867641e-08	4.48194068142e-09	2.76489350701e-09	
8.78180872905e-13	2.25881931857e-06	7.24201603007e-08	4.34330929537e-09	2.67937216564e-09	
8.49979820193e-13	2.18628149663e-06	7.00945423263e-08	4.20383298378e-09	2.59332955052e-09	
8.19874682065e-13	2.10884606915e-06	6.76119006412e-08	4.05493939427e-09	2.50147746461e-09	
7.87883662985e-13	2.0265598637e-06	6.09090076733e-08	3.89671856042e-09	2.40387145001e-09	
7.54029933017e-13	1.81815084697e-06	5.82918840029e-08	3.72928507479e-09	2.15664079279e-09	
6.73402972881e-13	1.73209777333e-06	5.55329470225e-08	3.33040173975e-09	2.0545674038e-09	
6.38259346091e-13	1.64170261327e-06	5.26347965338e-08	3.1565947381e-09	1.94734352423e-09	
6.01464285047e-13	1.54705971927e-06	4.96004574283e-08	2.97462030622e-09	1.83508106775e-09	
5.63059795877e-13	1.44844942571e-06	4.64337640969e-08	2.78468618946e-09	1.7179110365e-09	
5.24756447467e-13	1.34975657777e-06	4.05674240016e-08	2.59525224428e-09	1.60104394002e-09	
4.84782577947e-13	1.16893035205e-06	3.74771641658e-08	2.24747643398e-09	1.38653879523e-09	
4.15405592568e-13	1.06848894543e-06	3.42569138525e-08	2.05436041804e-09	1.26739938999e-09	
3.74812996288e-13	9.64078246755e-07	3.09094021088e-08	1.85361265564e-09	1.14355173524e-09	
3.32714701034e-13	8.55794670999e-07	2.74377199702e-08	1.64541851419e-09	1.01511019039e-09	
2.89152713081e-13	7.43746268593e-07	2.23535743746e-08	1.42998573184e-09	8.82202916048e-10	
2.4417369767e-13	6.28053073887e-07	1.88763772937e-08	1.20754508746e-09	7.44972287311e-10	
1.97829115959e-13	4.77014579171e-07	1.52936110767e-08	9.17104037036e-10	5.65809713666e-10	
1.40780525097e-13	3.62109627317e-07	1.16096354858e-08	6.96188953673e-10	4.29515558277e-10	
9.51588553538e-14	2.44763801872e-07	7.84739102683e-09	4.70580362267e-10	2.90325751957e-10	
4.82655886602e-14	1.24146805489e-07	3.98028116513e-09	2.38683412284e-10	1.47256331428e-10	
0.0	0.0	0.0	0.0	0.0	
changement
