inf	inf	inf	inf	inf	inf	inf	inf	inf	inf	
1.60036539186e-13	1.60036538209e-13	4.11634054954e-07	5.92719798541e-07	1.31978858549e-08	9.96762893254e-08	7.91725881431e-10	1.84120339493e-08	4.88314787667e-10	4.78000742051e-09	
3.06893946283e-13	3.06893945662e-13	7.89371562811e-07	1.13663508528e-06	2.37258061525e-08	1.79187261027e-07	1.51823608182e-09	3.53080864435e-08	9.36413955489e-10	9.16644826612e-09	
3.92094782817e-13	3.92094781624e-13	1.00852226022e-06	1.45213264087e-06	3.233557321e-08	2.442009398e-07	1.93969065243e-09	4.51106379782e-08	1.19637751407e-09	1.17113267601e-08	
4.72740968943e-13	4.72740966781e-13	1.21595798824e-06	1.75080461309e-06	3.89863794482e-08	2.94427026659e-07	2.33858816715e-09	5.4389141563e-08	1.44243986437e-09	1.41201588814e-08	
5.30308549163e-13	5.30308545859e-13	1.2787001268e-06	1.84113066126e-06	4.09979475219e-08	3.09615597877e-07	2.45914838171e-09	5.71955465425e-08	1.51684938021e-09	1.4848754003e-08	
5.49403249855e-13	5.49403244959e-13	1.4131480662e-06	2.03470280223e-06	4.24741301714e-08	3.20759687275e-07	2.71762841906e-09	6.32092790996e-08	1.67632356484e-09	1.64100135716e-08	
5.3939317809e-13	5.39393171118e-13	1.38740244425e-06	1.99760966017e-06	4.44830537022e-08	3.35926958308e-07	2.66794275664e-09	6.20550617318e-08	1.64575501922e-09	1.61110520306e-08	
5.34586684672e-13	5.34586675751e-13	1.37504039732e-06	1.97978853595e-06	4.40866348336e-08	3.32928184519e-07	2.64401360407e-09	6.15020615915e-08	1.63106607571e-09	1.59675009545e-08	
5.27429578342e-13	5.27429566985e-13	1.3566317811e-06	1.95325479442e-06	4.34963528477e-08	3.2846375275e-07	2.60841682325e-09	6.06785673748e-08	1.60919884309e-09	1.57537284684e-08	
5.27933844849e-13	5.2793383193e-13	1.35792925314e-06	1.95510547481e-06	4.08141880891e-08	3.08201105901e-07	2.61079038166e-09	6.07365296155e-08	1.61071898347e-09	1.57681421778e-08	
5.05575588275e-13	5.05575572294e-13	1.30042073994e-06	1.8722651223e-06	4.16939936378e-08	3.14839517515e-07	2.49994182445e-09	5.81641396407e-08	1.54246139928e-09	1.51003487251e-08	
4.96159839105e-13	4.96159821262e-13	1.27620194969e-06	1.83737141402e-06	4.09174525155e-08	3.08969764918e-07	2.45321672801e-09	5.7080776345e-08	1.5137094017e-09	1.48191131623e-08	
4.86488998694e-13	4.86488978809e-13	1.25132742394e-06	1.80153178966e-06	3.76099601684e-08	2.83981739856e-07	2.40521422216e-09	5.59680897255e-08	1.48417670515e-09	1.45302670564e-08	
4.80337739874e-13	4.80337717539e-13	1.15821357061e-06	1.66741344802e-06	3.71343593949e-08	2.80382664713e-07	2.22581799554e-09	5.18030787358e-08	1.37367172262e-09	1.34490173334e-08	
4.3223609156e-13	4.32236065529e-13	1.11178056156e-06	1.60052973568e-06	3.56455771893e-08	2.69132909637e-07	2.13634103922e-09	4.97260918166e-08	1.31856374604e-09	1.29098275683e-08	
4.11275150148e-13	4.11275121976e-13	1.05786596247e-06	1.52287434168e-06	3.39169106777e-08	2.56071753365e-07	2.03247725195e-09	4.73144836908e-08	1.25458078135e-09	1.22837652673e-08	
4.2963534628e-13	4.2963531685e-13	1.03595784231e-06	1.49129152408e-06	3.32144290356e-08	2.50757505512e-07	1.99009129483e-09	4.63343788966e-08	1.22855382234e-09	1.20293515094e-08	
4.13168383186e-13	4.13168350994e-13	9.96251905977e-07	1.43408485698e-06	3.1941316935e-08	2.41134398896e-07	1.91349394091e-09	4.45582259822e-08	1.18141697299e-09	1.15682703664e-08	
3.89496710565e-13	3.89496676036e-13	1.00184817539e-06	1.4421403093e-06	3.01112188856e-08	2.27306036972e-07	1.92424298609e-09	4.48085156823e-08	1.18805357484e-09	1.16332509179e-08	
3.64911463168e-13	3.64911426359e-13	9.38611253214e-07	1.35106003411e-06	3.00931851491e-08	2.27169969863e-07	1.80243886155e-09	4.19799217513e-08	1.11301031394e-09	1.08989349991e-08	
3.53777947831e-13	3.53777907231e-13	9.09974075047e-07	1.30978106828e-06	2.91749451274e-08	2.20224595852e-07	1.74706560892e-09	4.06987945095e-08	1.07899405763e-09	1.05663780328e-08	
3.61599591784e-13	3.61599550287e-13	8.7190685713e-07	1.25492535159e-06	2.79543607857e-08	2.10996173633e-07	1.67356508951e-09	3.89958847893e-08	1.0337928018e-09	1.0124319368e-08	
3.42145858905e-13	3.42145814239e-13	8.80054362712e-07	1.26665178991e-06	2.64503339363e-08	1.99627845478e-07	1.68920387697e-09	3.93602752583e-08	1.04345317418e-09	1.0218924351e-08	
3.19296662771e-13	3.19296615348e-13	8.2128253622e-07	1.18199427762e-06	2.63311818858e-08	1.98728516077e-07	1.57595049428e-09	3.67313424085e-08	9.73701331948e-10	9.53644824538e-09	
3.15302035293e-13	3.15301988463e-13	7.60272010064e-07	1.09411630199e-06	2.43750009583e-08	1.83947887233e-07	1.4584088143e-09	3.40022998651e-08	9.01296290171e-10	8.82797987049e-09	
3.03220414376e-13	3.03220363143e-13	7.79931987905e-07	1.1224091073e-06	2.50053193965e-08	1.88704603426e-07	1.49612212834e-09	3.48815669474e-08	9.2460310767e-10	9.05626301313e-09	
2.89404101033e-13	2.89404045403e-13	7.44394202194e-07	1.07118638837e-06	2.38658202783e-08	1.80086427365e-07	1.42742844789e-09	3.32917370492e-08	8.82393615262e-10	8.64356934373e-09	
2.92321390962e-13	2.92321334772e-13	7.51897872938e-07	1.08198409232e-06	2.25981860897e-08	1.70500789694e-07	1.44181740255e-09	3.36273222678e-08	8.91288435579e-10	8.73069768568e-09	
2.74463217481e-13	2.74463157465e-13	7.05963763765e-07	1.01579840932e-06	2.26335789987e-08	1.70767790475e-07	1.35317140176e-09	3.15725180559e-08	8.36752790224e-10	8.19728450701e-09	
2.72377178097e-13	2.72377118537e-13	7.00598052874e-07	1.00807766179e-06	2.10562360831e-08	1.58845330915e-07	1.34288671215e-09	3.13325457913e-08	8.30393104366e-10	8.1349796506e-09	
2.50828584953e-13	2.50828522561e-13	6.45171583202e-07	9.28235668333e-07	2.06844106089e-08	1.56040291619e-07	1.23605994765e-09	2.88532281593e-08	7.64608672655e-10	7.49134659779e-09	
2.52192967584e-13	2.52192904853e-13	6.48681145667e-07	9.33285255719e-07	1.94957359866e-08	1.4705043395e-07	1.2427834995e-09	2.90101892744e-08	7.68767767045e-10	7.53209942395e-09	
2.39939422938e-13	2.39939355047e-13	6.17163048279e-07	8.87840938901e-07	1.9786289962e-08	1.49241974857e-07	1.1817600129e-09	2.76000934928e-08	7.31317478786e-10	7.16607543657e-09	
2.42296001181e-13	2.42295932623e-13	6.23224505017e-07	8.96560786246e-07	1.87304874182e-08	1.41253480549e-07	1.19336673356e-09	2.78711652449e-08	7.38500152506e-10	7.23645637534e-09	
2.28172402922e-13	2.28172329486e-13	5.86896324134e-07	8.44193628018e-07	1.88157720331e-08	1.41896622385e-07	1.12311253434e-09	2.62459385816e-08	6.95347040639e-10	6.81457864559e-09	
2.27952290564e-13	2.27952217199e-13	5.86330113203e-07	8.4337911706e-07	1.76214821362e-08	1.32863371739e-07	1.1220290947e-09	2.62206154713e-08	6.94676255101e-10	6.80800366785e-09	
2.12237105322e-13	2.12237027631e-13	5.45908110905e-07	7.85123667647e-07	1.75015244428e-08	1.31958886631e-07	1.04394267346e-09	2.44123132797e-08	6.46673185784e-10	6.33859130326e-09	
2.0946383304e-13	2.09463756363e-13	5.38774757818e-07	7.74864422096e-07	1.72728344358e-08	1.30234573337e-07	1.03030162163e-09	2.40933165008e-08	6.38223197336e-10	6.2557646445e-09	
2.05304415072e-13	2.05304339919e-13	4.95040101144e-07	7.11849369564e-07	1.58705435284e-08	1.19634153354e-07	1.00984245644e-09	2.36148794899e-08	5.86300701553e-10	5.7478908734e-09	
1.91714956308e-13	1.91714876493e-13	4.93121885232e-07	7.09091220804e-07	1.58090437258e-08	1.19170617615e-07	9.42245232013e-10	2.20511290964e-08	5.8402873077e-10	5.72561997367e-09	
1.93372931002e-13	1.93372850497e-13	4.97386438572e-07	7.15223452768e-07	1.49480159479e-08	1.12650740993e-07	9.50393885327e-10	2.22418276019e-08	5.89079482927e-10	5.77513522085e-09	
1.82237481956e-13	1.82237395674e-13	4.68744255447e-07	6.73911996296e-07	1.50273245151e-08	1.13248411799e-07	8.94848855584e-10	2.09603135888e-08	5.55032981613e-10	5.44249978502e-09	
1.82578895834e-13	1.8257880939e-13	4.69622401502e-07	6.75174464547e-07	1.50554775135e-08	1.1346056454e-07	8.96525315229e-10	2.0999579439e-08	5.56072810747e-10	5.45269544928e-09	
1.82273575481e-13	1.82273489181e-13	4.68837040146e-07	6.74045310187e-07	1.40898108377e-08	1.06151651537e-07	8.95026086846e-10	2.09644599681e-08	5.55142908758e-10	5.44357641684e-09	
1.69955079628e-13	1.69954988125e-13	4.37151870236e-07	6.28358861576e-07	1.40143087803e-08	1.05582811493e-07	8.33670942741e-10	1.95468741801e-08	5.17493205132e-10	5.07560896344e-09	
1.68388628551e-13	1.68388537891e-13	4.33122677578e-07	6.2256728713e-07	1.38851409153e-08	1.04609655866e-07	8.25987119562e-10	1.93667109207e-08	5.12723545339e-10	5.02882714511e-09	
1.66151837441e-13	1.66151747985e-13	4.27369259881e-07	6.14297320733e-07	1.28433787349e-08	9.67284083321e-08	8.15015115697e-10	1.91094502908e-08	5.05912779017e-10	4.9620259566e-09	
1.53015887382e-13	1.53015793709e-13	3.93581467972e-07	5.65594866615e-07	1.26173091811e-08	9.50257778831e-08	7.49690769277e-10	1.75978821492e-08	4.65780309204e-10	4.56964901244e-09	
1.49615131167e-13	1.49615039576e-13	3.8483414556e-07	5.53024510861e-07	1.23368912522e-08	9.29138278856e-08	7.3302899892e-10	1.72067689048e-08	4.55428407659e-10	4.46808847815e-09	
1.47356232211e-13	1.47356142002e-13	3.79023991289e-07	5.44675197673e-07	1.13902783608e-08	8.57515693973e-08	7.21961680235e-10	1.69469889369e-08	4.48552322488e-10	4.40063132246e-09	
1.38349191165e-13	1.38349094874e-13	3.55856414139e-07	5.11242153062e-07	1.14077114887e-08	8.58828077584e-08	6.76916164344e-10	1.59103161167e-08	4.20995904539e-10	4.13156368519e-09	
1.38236903521e-13	1.38236807308e-13	3.5556757791e-07	5.10827173772e-07	1.13984526892e-08	8.58130958062e-08	6.76366762251e-10	1.58974015835e-08	4.20654213429e-10	4.12821005961e-09	
1.37793680174e-13	1.3779358427e-13	3.54427520768e-07	5.09189284018e-07	1.06508842939e-08	8.01498876162e-08	6.74198154974e-10	1.58464289754e-08	4.19305486587e-10	4.11497357809e-09	
1.37013327803e-13	1.37013232442e-13	3.30373236191e-07	4.74483473489e-07	1.05905662515e-08	7.96959763359e-08	6.27472469068e-10	1.47701169709e-08	3.90701202696e-10	3.83561142686e-09	
1.27389557749e-13	1.27389456958e-13	3.27666411184e-07	4.70595897662e-07	1.05037957165e-08	7.90430047095e-08	6.22331468031e-10	1.46491012661e-08	3.87500113281e-10	3.80418518654e-09	
1.26012712543e-13	1.26012612841e-13	3.24124928662e-07	4.65509581812e-07	1.03902691183e-08	7.81886883214e-08	6.1560521725e-10	1.44907701826e-08	3.83311954275e-10	3.76306861712e-09	
1.24308849466e-13	1.24308751111e-13	3.19742302777e-07	4.59215210974e-07	9.60832416889e-09	7.22682978862e-08	6.07281398219e-10	1.42948337565e-08	3.78129055455e-10	3.71218641865e-09	
1.14627165159e-13	1.14627062072e-13	2.94839437965e-07	4.23299063347e-07	inf	7.10868632515e-08	5.58997900211e-10	1.31806312232e-08	3.48529585505e-10	3.42297698984e-09	
1.12414347925e-13	1.12414246829e-13	2.89147701917e-07	4.15127451283e-07	inf	6.97145607619e-08	5.48206739163e-10	1.29261846228e-08	3.41801404471e-10	3.35689784171e-09	
1.09895037983e-13	1.09894939152e-13	2.82667616781e-07	4.05824010456e-07	inf	6.81521842381e-08	5.35920916873e-10	1.26364952852e-08	3.34141317125e-10	3.28166624271e-09	
1.07071860772e-13	1.07071764481e-13	2.75405935649e-07	3.95398436293e-07	inf	6.22101884744e-08	5.22153236723e-10	1.23118651053e-08	3.25557306248e-10	3.19736059422e-09	
9.74459174385e-14	9.7445817845e-14	2.50646450815e-07	3.59705681388e-07	inf	6.03956719143e-08	4.74255220437e-10	1.1204172119e-08	2.96144728097e-10	2.90982590691e-09	
9.5570047258e-14	9.55699495818e-14	2.45821477098e-07	3.52781401576e-07	inf	5.92330652411e-08	4.65125631371e-10	1.09884935333e-08	2.90443833478e-10	2.8538122147e-09	
9.46447373389e-14	9.46446406084e-14	2.43441423934e-07	3.49365746427e-07	inf	5.86595662982e-08	4.60622281442e-10	1.08821021374e-08	2.87631753892e-10	2.82618139574e-09	
9.35382756021e-14	9.35381800024e-14	2.40595419015e-07	3.45281397847e-07	inf	5.43100246583e-08	4.55237291751e-10	1.07548821677e-08	2.84269141681e-10	2.79314120573e-09	
8.64798766656e-14	8.64797762364e-14	2.2244006495e-07	3.19079163104e-07	inf	5.35626092669e-08	4.19918024293e-10	9.94247398274e-09	2.62672269765e-10	2.58228309841e-09	
8.51045620231e-14	8.51044631911e-14	2.18902528613e-07	3.14004732904e-07	inf	5.27107838147e-08	4.13239945715e-10	9.78435525466e-09	2.58494916043e-10	2.54121612364e-09	
8.3562216788e-14	8.35621197471e-14	2.14935362729e-07	3.08314020325e-07	inf	5.1755505374e-08	4.05750821154e-10	9.60703323079e-09	2.53810226892e-10	2.495161623e-09	
8.18550387687e-14	8.18549437104e-14	2.10544220446e-07	3.02015134572e-07	inf	4.74896501092e-08	3.9746132245e-10	9.41076059317e-09	2.48624877893e-10	2.44418522365e-09	
7.99859065382e-14	7.99858136505e-14	1.92865826322e-07	2.76510965226e-07	inf	4.64052365366e-08	3.63131948987e-10	8.61975048334e-09	2.27605004422e-10	2.23887217932e-09	
7.3081410078e-14	7.30813136631e-14	1.879770184e-07	2.69501890258e-07	inf	4.52289439209e-08	3.53927208799e-10	8.4012547053e-09	2.21835627779e-10	2.18212063792e-09	
7.10363464111e-14	7.10362526942e-14	1.82716781914e-07	2.61960299543e-07	inf	4.39632822656e-08	3.44023134995e-10	8.16615867103e-09	2.15627920575e-10	2.12105738795e-09	
6.88516547964e-14	6.88515639617e-14	1.77097400083e-07	2.53903803546e-07	inf	4.26112070335e-08	3.33442854618e-10	7.91501135626e-09	2.08996378452e-10	2.055825019e-09	
6.65328584276e-14	6.65327706521e-14	1.71133079485e-07	2.45352770239e-07	inf	3.85660740069e-08	3.22213116037e-10	7.64844769731e-09	2.01957766839e-10	1.98658844783e-09	
6.40862566296e-14	6.40861720819e-14	1.54527790105e-07	2.2141317586e-07	inf	3.71478867993e-08	2.90073839169e-10	6.9055471459e-09	1.8223011137e-10	1.79374788388e-09	
5.76703922773e-14	5.76703058633e-14	1.4833738176e-07	2.12543317801e-07	inf	3.56597346118e-08	2.78453446882e-10	6.62890948063e-09	1.74929951423e-10	1.72188996699e-09	
5.51579884569e-14	5.51579058075e-14	1.41875074217e-07	2.03283872563e-07	inf	3.41062189238e-08	2.66322655345e-10	6.34012117159e-09	1.67309148595e-10	1.64687586406e-09	
5.25481272711e-14	5.25480485324e-14	1.35162091016e-07	1.936652501e-07	inf	3.04277889275e-08	2.53721304512e-10	6.04013066002e-09	1.59392731131e-10	1.56895193712e-09	
5.02250781201e-14	5.02250028623e-14	1.29186878033e-07	1.85103799006e-07	inf	2.90826515946e-08	2.42504785895e-10	5.77311177882e-09	1.52346293529e-10	1.49959254982e-09	
4.84663282773e-14	4.84662556547e-14	1.16864284512e-07	1.67333267734e-07	inf	2.80642524137e-08	2.18618293863e-10	5.22178363067e-09	1.37701454151e-10	1.3564845523e-09	
4.36882286476e-14	4.36881543149e-14	1.12373041264e-07	1.60902433062e-07	inf	2.69857067337e-08	2.10216519614e-10	5.0211037059e-09	1.3240941512e-10	1.30435308936e-09	
4.18469822025e-14	4.18469110025e-14	1.07637061126e-07	1.54121169652e-07	inf	2.58483889968e-08	2.01356915271e-10	4.80948834039e-09	1.26829001917e-10	1.2493808813e-09	
3.99131567237e-14	3.9913088814e-14	1.0266295319e-07	1.4699894084e-07	inf	2.46538863441e-08	1.9205184443e-10	4.58723284597e-09	1.20968002023e-10	1.19164464251e-09	
3.78896777491e-14	3.78896132823e-14	9.74582424307e-08	1.39546521377e-07	inf	2.19146540201e-08	1.82315384028e-10	4.35467345839e-09	1.148352821e-10	1.13123171836e-09	
3.57798387651e-14	3.5779777888e-14	8.62740022052e-08	1.23436192783e-07	inf	2.06943629938e-08	1.60756418352e-10	3.85438320524e-09	1.01561715099e-10	1.00135498017e-09	
3.14861276654e-14	3.1486066853e-14	8.09872810169e-08	1.15872233745e-07	inf	1.94262477544e-08	1.50905547977e-10	3.61819318458e-09	9.53381919074e-11	9.39993656703e-10	
2.93570615872e-14	2.93570048869e-14	7.55109854863e-08	1.08037042248e-07	inf	1.81126597686e-08	1.40701438819e-10	3.373533737e-09	8.88915016632e-11	8.76432006419e-10	
2.71584833471e-14	2.71584308931e-14	6.9855893945e-08	9.99460393932e-08	inf	1.67561844202e-08	1.30164174344e-10	3.12088639743e-09	8.22343325782e-11	8.10795130379e-10	
2.48949741213e-14	2.4894926039e-14	6.4033789932e-08	9.16160844815e-08	inf	1.43798828511e-08	1.19315711045e-10	2.8607776096e-09	7.53805561923e-11	7.43219796785e-10	
2.25715176939e-14	2.25714740992e-14	5.80574925598e-08	8.30655184588e-08	inf	1.30378026897e-08	1.08179935017e-10	2.59378008266e-09	6.83452631194e-11	6.73854793434e-10	
2.01935123977e-14	2.01934733959e-14	4.86915144126e-08	6.96034288121e-08	inf	1.16642140342e-08	9.03175164408e-11	2.17499095677e-09	5.72584679733e-11	5.65109966727e-10	
1.66553131821e-14	1.66552766781e-14	4.2840073328e-08	6.12389228388e-08	inf	1.02624815232e-08	7.94637258245e-11	1.91361410711e-09	5.03775056806e-11	4.97198574825e-10	
1.43405935639e-14	1.4340562133e-14	3.68862507856e-08	5.27280653376e-08	inf	8.83622327657e-09	6.84200280426e-11	1.64766401684e-09	4.33761482178e-11	4.2809895557e-10	
1.19923649702e-14	1.19923386861e-14	3.08462382621e-08	4.40940017164e-08	inf	7.38931802583e-09	5.72164564739e-11	1.37786394136e-09	3.62734358041e-11	3.57999026453e-10	
9.61735694343e-15	9.6173358647e-15	2.47373452325e-08	3.53614755387e-08	inf	5.54688086832e-09	4.58851182596e-11	1.10498707576e-09	2.90897233593e-11	2.87099680386e-10	
7.22274550468e-15	7.22272967431e-15	1.85780295879e-08	2.65568720062e-08	inf	4.16577092081e-09	3.44602507262e-11	8.29857913593e-10	2.18467162736e-11	2.15615138734e-10	
4.81616510668e-15	4.81615455091e-15	1.1612951405e-08	1.65829879247e-08	inf	2.7777579813e-09	2.14288089004e-11	5.18640193723e-10	1.36395569451e-11	1.3476896244e-10	
2.25522160287e-15	2.25521599585e-15	5.80078049333e-09	8.28336100807e-09	inf	1.38751666558e-09	1.07038957891e-11	2.59065734886e-10	6.81308964604e-12	6.7318385075e-11	
0.0	0.0	0.0	0.0	inf	0.0	0.0	0.0	0.0	0.0	
changement
inf	inf	inf	inf	inf	inf	inf	inf	inf	inf	
1.74718889664e-14	1.74728475666e-14	4.4942217193e-08	6.47123905183e-08	1.35076853947e-09	1.02017478652e-08	8.64412446196e-11	2.01020099567e-09	5.33144393492e-11	5.21874700869e-10	
3.43290399531e-14	3.43292017145e-14	8.82987947887e-08	1.27142666001e-07	2.83098181664e-09	2.1381288635e-08	1.69832592005e-10	3.94951119148e-09	1.04747790105e-10	1.02534521113e-09	
5.23926275553e-14	5.23928744338e-14	1.34760727126e-07	1.94044695757e-07	4.05032156716e-09	3.05906634183e-08	2.59196760621e-10	6.02773024016e-09	1.59864996273e-10	1.56487828788e-09	
6.73809479105e-14	6.7380983801e-14	1.73311992713e-07	2.49556447158e-07	5.55662103605e-09	4.19673325436e-08	3.33345584942e-10	7.75212601884e-09	2.05597824795e-10	2.01255418074e-09	
8.66488084313e-14	8.66488545848e-14	2.22871289021e-07	3.20918856522e-07	7.14556046068e-09	5.39681839222e-08	4.28667143808e-10	9.96890058093e-09	2.64389378743e-10	2.58805809244e-09	
1.02668242153e-13	1.0266829684e-13	2.64075232972e-07	3.8025054697e-07	8.46661556936e-09	6.39458582353e-08	5.07918159504e-10	1.18119574799e-08	3.13269068267e-10	3.06653997555e-09	
1.22631569979e-13	1.22631635299e-13	3.15423179483e-07	4.54188742579e-07	9.48025362574e-09	7.15987571942e-08	6.06680323771e-10	1.4108745268e-08	3.74182675756e-10	3.66281638661e-09	
1.40528244591e-13	1.40528319444e-13	3.38843618537e-07	4.87893838871e-07	1.08637895826e-08	8.20479832362e-08	6.95218387126e-10	1.6167795314e-08	4.01965611172e-10	3.93479456082e-09	
1.56009661517e-13	1.56009703863e-13	4.01275600772e-07	5.77788386153e-07	1.20606073114e-08	9.1086894501e-08	7.71807537276e-10	1.7948939044e-08	4.76028296204e-10	4.65978133785e-09	
1.68909156042e-13	1.68909157769e-13	4.34455085308e-07	6.25564213089e-07	1.39292242962e-08	1.05199693173e-07	8.35623420828e-10	1.94330905479e-08	5.15388061084e-10	5.04508664822e-09	
1.91155170315e-13	1.91155222201e-13	4.91674096032e-07	7.07952884887e-07	1.47775990314e-08	1.11607004537e-07	9.45678630932e-10	2.19924866222e-08	5.83266888166e-10	5.70953959741e-09	
1.99414867577e-13	1.99414869615e-13	5.12919230382e-07	7.38545213048e-07	1.64449070252e-08	1.24199449611e-07	9.86540567979e-10	2.29428344793e-08	6.08469333583e-10	5.95626247537e-09	
2.18794082489e-13	2.1879405615e-13	5.62764749652e-07	8.10317664666e-07	1.80430300755e-08	1.36269257404e-07	1.08241282416e-09	2.51724387637e-08	6.67600533164e-10	6.53509715454e-09	
2.37170879481e-13	2.37170850929e-13	6.10031913817e-07	8.78376997734e-07	1.95584909379e-08	1.47714633046e-07	1.17332606903e-09	2.72866954302e-08	7.23673159974e-10	7.08398603162e-09	
2.5441629288e-13	2.54416328709e-13	6.54389341018e-07	9.42248101485e-07	1.96681310824e-08	1.48543031094e-07	1.25864248639e-09	2.92708451463e-08	7.76293828917e-10	7.59909751901e-09	
2.70433593256e-13	2.704335607e-13	6.95588455799e-07	1.00157127649e-06	2.09063786797e-08	1.57895177842e-07	1.33788255234e-09	3.11137139512e-08	8.25166785383e-10	8.07753057149e-09	
2.8515298672e-13	2.85153026878e-13	7.33447906807e-07	1.0560845124e-06	2.35153972343e-08	1.7759929627e-07	1.41070233754e-09	3.28071625266e-08	8.70079901484e-10	8.51717210034e-09	
2.98526540567e-13	2.98526524124e-13	7.67846182391e-07	1.10561511697e-06	2.4618261706e-08	1.85928744e-07	1.47686337251e-09	3.43444070254e-08	9.10886097806e-10	8.91662947093e-09	
3.10527524588e-13	3.10527507483e-13	7.98714204942e-07	1.15006338684e-06	2.56079420768e-08	1.93403519922e-07	1.53623433412e-09	3.57251311696e-08	9.47504378357e-10	9.27509861759e-09	
3.2114780093e-13	3.21147783241e-13	8.26032401627e-07	1.18940047357e-06	2.64837628132e-08	2.00018748461e-07	1.58877468656e-09	3.6947083531e-08	9.79909743678e-10	9.59234673396e-09	
3.52443809601e-13	3.52443790188e-13	9.06527864376e-07	1.30530355136e-06	2.72463723977e-08	2.05777831687e-07	1.74360154728e-09	4.05474526836e-08	1.0754024169e-09	1.05270885741e-08	
3.60861586996e-13	3.60861567119e-13	9.28179492543e-07	1.33648070033e-06	2.97588102713e-08	2.24752876334e-07	1.78524574009e-09	4.15159278781e-08	1.1010873531e-09	1.07785279594e-08	
3.67864059488e-13	3.67864039225e-13	9.46190795771e-07	1.36241622216e-06	3.03362898425e-08	2.2911439412e-07	1.81988816305e-09	4.23215791881e-08	1.12245380627e-09	1.09876943734e-08	
3.98416774662e-13	3.98416752717e-13	9.60667086478e-07	1.38326173834e-06	3.080043331e-08	2.32619956814e-07	1.84773137409e-09	4.29691165284e-08	1.13962670844e-09	1.11558107387e-08	
4.0300699474e-13	4.0300699886e-13	1.03658602503e-06	1.49257962724e-06	3.32344069916e-08	2.51003694425e-07	1.993746519e-09	4.6364925774e-08	1.22968458017e-09	1.20374440822e-08	
4.06246367118e-13	4.06246344741e-13	1.04491487686e-06	1.50457101998e-06	3.35015616549e-08	2.53020239243e-07	2.00977207271e-09	4.67374221214e-08	1.23956870346e-09	1.21341529674e-08	
4.35434530015e-13	4.3543450603e-13	1.11999016595e-06	1.61267147875e-06	3.36622064272e-08	2.54233604273e-07	2.15417103547e-09	5.00954136845e-08	1.3286297611e-09	1.30059678949e-08	
4.36206571476e-13	4.36206561691e-13	1.12197614924e-06	1.61553250078e-06	3.59722862698e-08	2.71680373923e-07	2.1579904557e-09	5.01842876387e-08	1.33098550552e-09	1.30285034395e-08	
4.64827167508e-13	4.64827157081e-13	1.12079677967e-06	1.61383572879e-06	3.59344926094e-08	2.71395032898e-07	2.29958156517e-09	5.34769843946e-08	1.41831476343e-09	1.38833309552e-08	
4.63107300884e-13	4.63107305618e-13	1.19116810982e-06	1.71516314868e-06	3.81907129147e-08	2.88435028627e-07	2.2910730664e-09	5.32791765486e-08	1.41306701585e-09	1.38319774517e-08	
4.90953580638e-13	4.90953585657e-13	1.18379614096e-06	1.70455365922e-06	3.79542813825e-08	2.86650888988e-07	2.27688770369e-09	5.29496076365e-08	1.40431795011e-09	1.37464172643e-08	
4.86765640041e-13	4.86765645017e-13	1.25202037275e-06	1.8027889161e-06	4.01417560508e-08	3.03170886869e-07	2.40811490964e-09	5.60011503572e-08	1.48525506356e-09	1.45386380423e-08	
5.13668363632e-13	5.13668368883e-13	1.23856344416e-06	1.78341074808e-06	3.97103305309e-08	2.9991207175e-07	2.54120739558e-09	5.90961218256e-08	1.56734262432e-09	1.53421332245e-08	
5.07063951238e-13	5.07063972978e-13	1.30423017822e-06	1.87796418717e-06	4.18157166045e-08	3.15812902917e-07	2.50853415969e-09	5.83363670536e-08	1.54719079091e-09	1.51448908902e-08	
5.32862878305e-13	5.32862901151e-13	1.37058797314e-06	1.97351265136e-06	4.11942434963e-08	3.11119294315e-07	2.63616596823e-09	6.13044483074e-08	1.62591036832e-09	1.5915443941e-08	
5.23923991795e-13	5.23923971489e-13	1.3475962084e-06	1.94040849328e-06	4.32061358222e-08	3.26314016474e-07	2.59194336289e-09	6.027611386e-08	1.59863523117e-09	1.56484747824e-08	
5.48490594211e-13	5.48490572953e-13	1.41078431993e-06	2.03139300277e-06	4.24024167449e-08	3.20243980523e-07	2.7134786283e-09	6.31024221829e-08	1.673594642e-09	1.63822217107e-08	
5.37326815743e-13	5.3732680369e-13	1.38207001108e-06	1.99004895317e-06	4.43114598353e-08	3.34661936692e-07	2.65824932842e-09	6.18181269647e-08	1.63953090767e-09	1.60488017617e-08	
5.60554824656e-13	5.60554812082e-13	1.44181858683e-06	2.07608749601e-06	4.62269921438e-08	3.49130891418e-07	2.77316233224e-09	6.449079547e-08	1.71040590423e-09	1.67426621469e-08	
5.8382750401e-13	5.83827490914e-13	1.50167615687e-06	2.16227702719e-06	4.5134268294e-08	3.40877337433e-07	2.88829632969e-09	6.71681544137e-08	1.7814172066e-09	1.74377398867e-08	
5.69121020902e-13	5.6912102672e-13	1.46384874085e-06	2.10780414103e-06	4.69334637768e-08	3.54464553227e-07	2.81554066565e-09	6.54760303451e-08	1.73654373707e-09	1.69984417943e-08	
5.90892744091e-13	5.90892750132e-13	1.51984811113e-06	2.18843770673e-06	4.87289031212e-08	3.68024511285e-07	2.92324916539e-09	6.79808009316e-08	1.80297520915e-09	1.76487132859e-08	
6.12576848031e-13	6.12576854293e-13	1.47705301626e-06	2.12681870095e-06	4.73568596976e-08	3.57662186242e-07	2.84093701074e-09	6.6066692397e-08	1.75220758677e-09	1.7151785497e-08	
5.94459692399e-13	5.94459698476e-13	1.52902289192e-06	2.20165025012e-06	4.90231078505e-08	3.70246432701e-07	2.94089521173e-09	6.83912313704e-08	1.81385890411e-09	1.77552664853e-08	
6.14501172001e-13	6.14501178283e-13	1.58057186712e-06	2.27587572079e-06	4.75056763989e-08	3.58786045076e-07	3.04004388651e-09	7.06969433508e-08	1.87501092887e-09	1.83538597362e-08	
6.34336972479e-13	6.34336978964e-13	1.52952132246e-06	2.20236967231e-06	4.90391364815e-08	3.70367414461e-07	2.94185325595e-09	6.8413580366e-08	1.81444994164e-09	1.77610686254e-08	
6.13015288953e-13	6.13015275203e-13	1.57675012918e-06	2.27037457692e-06	5.05533793051e-08	3.8180363982e-07	3.032692552e-09	7.05260590676e-08	1.87047698722e-09	1.83094959691e-08	
6.3110310322e-13	6.31103089063e-13	1.62327404336e-06	2.33736448306e-06	4.8789187565e-08	3.68479587643e-07	3.12217609329e-09	7.26070082401e-08	1.92566784225e-09	1.88497378295e-08	
6.48875062652e-13	6.48875048097e-13	1.56457575097e-06	2.25285509274e-06	5.01630983546e-08	3.78857502161e-07	3.0092758423e-09	6.998184146e-08	1.85603440605e-09	1.81682104778e-08	
6.24613437628e-13	6.24613428717e-13	1.6065879767e-06	2.31334971854e-06	5.15099002393e-08	3.89030746548e-07	3.09007025783e-09	7.186102371e-08	1.90586606859e-09	1.86560710214e-08	
6.40580924899e-13	6.4058091576e-13	1.64765244383e-06	2.37246910873e-06	5.28266883916e-08	3.98972637537e-07	3.16906416656e-09	7.36974864856e-08	1.95458722662e-09	1.91328404428e-08	
6.56131715466e-13	6.56131706105e-13	1.58207335735e-06	2.27804320646e-06	5.07241548063e-08	3.8309325148e-07	3.04292950169e-09	7.07642773745e-08	1.87679120494e-09	1.83713407104e-08	
6.29232523069e-13	6.29232514092e-13	1.61846319411e-06	2.33044110648e-06	5.18908830567e-08	3.91904883153e-07	3.11292124878e-09	7.23919460407e-08	1.91996009446e-09	1.87939049734e-08	
6.42910074687e-13	6.42910065514e-13	1.6536434064e-06	2.38109724409e-06	5.30188287831e-08	4.00423606557e-07	3.18058644235e-09	7.39655092548e-08	1.96169403266e-09	1.92024227459e-08	
6.56076511335e-13	6.56076501975e-13	1.68750896055e-06	2.42986038048e-06	5.07199489834e-08	3.83061311521e-07	3.24572306241e-09	7.54802689916e-08	2.00186841945e-09	1.95956743586e-08	
6.26857656896e-13	6.26857642835e-13	1.61235485464e-06	2.3216472987e-06	5.16950977713e-08	3.90426043898e-07	3.1011718761e-09	7.21187803158e-08	1.91271364155e-09	1.87229876065e-08	
6.38124796984e-13	6.3812478267e-13	1.64133520459e-06	2.36337623809e-06	5.26242653638e-08	3.97443501111e-07	3.15691234132e-09	7.34150324339e-08	1.94709275522e-09	1.90595117593e-08	
6.48794227235e-13	6.48794212682e-13	1.66877816529e-06	2.40289146442e-06	5.35041415856e-08	4.04088683239e-07	3.20969583385e-09	7.4642518601e-08	1.97964809305e-09	1.93781833626e-08	
6.58825199106e-13	6.58825184328e-13	1.58856804921e-06	2.28739804886e-06	5.09325075197e-08	3.84666421501e-07	3.25932076372e-09	7.57965507973e-08	1.88449544152e-09	1.84467842042e-08	
6.26375824068e-13	6.26375820244e-13	1.61111558558e-06	2.31986434928e-06	5.16554276501e-08	3.90126202273e-07	3.0987876738e-09	7.20633975217e-08	1.91124338421e-09	1.87086095633e-08	
6.34465375842e-13	6.34465371968e-13	1.63192279623e-06	2.34982472668e-06	5.2322549779e-08	3.95164567717e-07	3.13880806068e-09	7.29940754737e-08	1.93592680897e-09	1.89502258373e-08	
6.41838436643e-13	6.41838432724e-13	1.65089267876e-06	2.37715296144e-06	4.96193572872e-08	3.74751763862e-07	3.17528384489e-09	7.38429890965e-08	1.95842402434e-09	1.91706157895e-08	
6.48468723213e-13	6.48468719254e-13	1.56359874637e-06	2.25145823565e-06	5.01319327373e-08	3.78622600852e-07	3.00738942416e-09	6.99384575187e-08	1.8548718477e-09	1.81569478759e-08	
6.13380792753e-13	6.13380789008e-13	1.5776910334e-06	2.27173771214e-06	5.05838286787e-08	3.82032852825e-07	3.03449844033e-09	7.0568411998e-08	1.87159191216e-09	1.83204916743e-08	
6.18074388658e-13	6.18074384884e-13	1.58976344583e-06	2.28912078804e-06	5.0970896523e-08	3.84956122871e-07	3.05771845177e-09	7.11083933822e-08	1.88591334957e-09	1.84606779626e-08	
6.21942362375e-13	6.21942358578e-13	1.59971225342e-06	2.30344605359e-06	5.12898775706e-08	3.87365168014e-07	3.0768539707e-09	7.15533880878e-08	1.89771558868e-09	1.85762044544e-08	
6.2494469307e-13	6.24944689255e-13	1.60743451801e-06	2.31456528739e-06	4.8313394406e-08	3.64885298895e-07	3.09170700729e-09	7.18987918206e-08	1.90687651502e-09	1.86658758142e-08	
5.87813736361e-13	5.87813730374e-13	1.51192950859e-06	2.17704826315e-06	4.84754452785e-08	3.6610914035e-07	2.90801321854e-09	6.76270168563e-08	1.7935797481e-09	1.75568667356e-08	
5.88890840801e-13	5.88890834803e-13	1.51469986937e-06	2.18103721295e-06	4.85642711331e-08	3.66779951471e-07	2.91334183438e-09	6.77509281131e-08	1.79686628482e-09	1.75890357255e-08	
5.89041106473e-13	5.89041100473e-13	1.51508628503e-06	2.18159348498e-06	4.85766630425e-08	3.66873497138e-07	2.91408522324e-09	6.77682079455e-08	1.79732478407e-09	1.75935217891e-08	
5.88225166689e-13	5.88225160698e-13	1.5129875e-06	2.1785712806e-06	4.54747288264e-08	3.43446179091e-07	2.91004863154e-09	6.76743273187e-08	1.7948351274e-09	1.75691491293e-08	
5.86403204473e-13	5.864031985e-13	1.4139435574e-06	2.03595826135e-06	4.53338758098e-08	3.42382354948e-07	2.71954817117e-09	6.3244252276e-08	1.67734019946e-09	1.64190432591e-08	
5.47029521149e-13	5.47029517809e-13	1.40702752689e-06	2.02599965285e-06	4.51121362262e-08	3.40707637854e-07	2.70624617013e-09	6.29349017594e-08	1.66913590083e-09	1.63387317711e-08	
5.43321722924e-13	5.43321719607e-13	1.39749053746e-06	2.01226708663e-06	4.48063634281e-08	3.38398263087e-07	2.68790307409e-09	6.25083184202e-08	1.65782239775e-09	1.62279850939e-08	
5.38556374235e-13	5.38556370946e-13	1.38523339775e-06	1.99461773631e-06	4.44133771274e-08	3.35430211873e-07	2.66432809972e-09	6.19600655526e-08	1.64328202047e-09	1.60856514001e-08	
5.32694507858e-13	5.32694504605e-13	1.37015587974e-06	1.97290728283e-06	4.1181795946e-08	3.11023766929e-07	2.6353284697e-09	6.12856600824e-08	1.62539586941e-09	1.59105668245e-08	
5.25696758444e-13	5.25696755235e-13	1.2675674095e-06	1.82519016604e-06	4.06408105901e-08	3.06937966576e-07	2.43801062353e-09	5.66970331211e-08	1.50369615485e-09	1.47192987767e-08	
4.85147560424e-13	4.85147557462e-13	1.24785955275e-06	1.79682438074e-06	4.00089381916e-08	3.02167866427e-07	2.4001050937e-09	5.5815888422e-08	1.48031709239e-09	1.44905427269e-08	
4.76355112054e-13	4.76355109146e-13	1.22525301485e-06	1.76427407799e-06	3.92838465024e-08	2.96693957989e-07	2.35660740047e-09	5.48047578412e-08	1.45348894485e-09	1.42280398705e-08	
4.66400960667e-13	4.66400957819e-13	1.19964102162e-06	1.72738187094e-06	3.84629518007e-08	2.90489773822e-07	2.3073625694e-09	5.3658752372e-08	1.42311612145e-09	1.39305209562e-08	
4.55229832709e-13	4.5522982993e-13	1.17090744117e-06	1.6860078523e-06	3.51931641395e-08	2.65794790326e-07	2.25209715429e-09	5.2373525143e-08	1.38902997175e-09	1.35968589836e-08	
4.42802796576e-13	4.42802793872e-13	1.06769254709e-06	1.53738834385e-06	3.42324477806e-08	2.58539000048e-07	2.0535746947e-09	4.7756866291e-08	1.26658724383e-09	1.23983134696e-08	
4.02237660614e-13	4.02237656517e-13	1.03460525029e-06	1.48974532299e-06	3.31716014835e-08	2.50526984044e-07	1.98993545319e-09	4.62769010096e-08	1.22733634458e-09	1.2014094924e-08	
3.8812254024e-13	3.88122536287e-13	9.98299362793e-07	1.43746780356e-06	3.20075603831e-08	2.417355953e-07	1.92010564525e-09	4.46529713684e-08	1.18426727772e-09	1.15925013288e-08	
3.72718591232e-13	3.72718587436e-13	9.58678450804e-07	1.38041692968e-06	3.07372325956e-08	2.32141482755e-07	1.84389979142e-09	4.28807639994e-08	1.13726564475e-09	1.11324128767e-08	
3.55987998316e-13	3.55987994691e-13	9.15645249258e-07	1.31845264858e-06	2.75209534213e-08	2.07850650026e-07	1.76113081335e-09	4.09559283546e-08	1.08621606101e-09	1.06327001079e-08	
3.3789262752e-13	3.37892624079e-13	8.14731703084e-07	1.17314648696e-06	2.61220246003e-08	1.97285292177e-07	1.56703500225e-09	3.64421934881e-08	9.66503492074e-10	9.46087499588e-09	
2.98475576298e-13	2.98475576912e-13	7.6771636682e-07	1.10544823048e-06	2.46146142681e-08	1.85900634752e-07	1.47660691572e-09	3.43392396057e-08	9.10729969264e-10	8.91492037519e-09	
2.78845020373e-13	2.78845020947e-13	7.172241019e-07	1.03274348913e-06	2.29957261215e-08	1.7367404857e-07	1.37949138265e-09	3.20807661078e-08	8.5083181598e-10	8.32859080759e-09	
2.57826071165e-13	2.57826071695e-13	6.63160720586e-07	9.54896641129e-07	2.12623402861e-08	1.60582726441e-07	1.27550724363e-09	2.9662560089e-08	7.86697298178e-10	7.70079256721e-09	
2.35381828407e-13	2.35381828892e-13	6.05431311337e-07	8.71771022525e-07	1.941141368e-08	1.46603685918e-07	1.16447194711e-09	2.70803762702e-08	7.18213823148e-10	7.03042352358e-09	
2.11475114882e-13	2.11475115318e-13	5.43940250287e-07	7.8322894372e-07	1.63488758408e-08	1.23474011108e-07	1.04620157137e-09	2.43299375121e-08	6.45267953128e-10	6.31637327483e-09	
1.86068480933e-13	1.86068481316e-13	4.48651119899e-07	6.46020973358e-07	1.43847208218e-08	1.0863982664e-07	8.62924122411e-10	2.00677607482e-08	5.32227709304e-10	5.20985592487e-09	
1.49169539559e-13	1.49169538648e-13	3.83682671463e-07	5.52471690509e-07	1.23016929468e-08	9.29078636937e-08	7.37965493767e-10	1.71617798231e-08	4.55156686228e-10	4.45542486694e-09	
1.22433827966e-13	1.22433827219e-13	3.14915072501e-07	4.53451949102e-07	1.0096855968e-08	7.62559466848e-08	6.05699666048e-10	1.4085866561e-08	3.73578785166e-10	3.65687712889e-09	
9.41852197364e-14	9.41852191613e-14	2.42256120123e-07	3.48828985351e-07	7.76725364545e-09	5.86617490481e-08	4.65949297511e-10	1.08358968359e-08	2.87384626652e-10	2.81314203316e-09	
6.43876296709e-14	6.43876292778e-14	1.65612999265e-07	2.38469154036e-07	5.3099101105e-09	4.010279599e-08	3.18535868929e-10	7.40771914129e-09	1.96464104982e-10	1.92314179382e-09	
3.30047390215e-14	3.300473882e-14	8.48922941731e-08	1.22237945029e-07	2.55155777523e-09	1.92704937614e-08	1.63279705669e-10	3.79715510332e-09	1.00706401827e-10	9.85791649879e-10	
0.0	0.0	0.0	0.0	0.0	0.0	0.0	0.0	0.0	0.0	
changement
inf	inf	inf	inf	inf	inf	inf	inf	inf	inf	
1.21257455918e-13	1.21257457157e-13	3.11889062673e-07	4.4908355929e-07	9.99958996085e-09	7.55213480213e-08	5.99882046e-10	1.3950736453e-08	3.69989682985e-10	3.62179520744e-09	
2.37831676321e-13	2.37831663221e-13	6.11732884999e-07	8.80831528744e-07	1.96130183265e-08	1.48127417047e-07	1.17659515621e-09	2.73618152947e-08	7.25689468547e-10	7.10378180072e-09	
3.62042804585e-13	3.62042808286e-13	9.3121797559e-07	1.34086090952e-06	2.9856304978e-08	2.25489484845e-07	1.79108927215e-09	4.16519939694e-08	1.10469160064e-09	1.08134073896e-08	
4.95021723415e-13	4.95021712311e-13	1.27325676519e-06	1.83337388723e-06	3.82689118318e-08	2.89026614694e-07	2.4489586685e-09	5.6951231876e-08	1.51044650976e-09	1.47852918746e-08	
5.94341227261e-13	5.94341218782e-13	1.52872386703e-06	2.20123203885e-06	4.90134465255e-08	3.70176172039e-07	2.94030841913e-09	6.83782423673e-08	1.81349729282e-09	1.77518949782e-08	
7.00956701946e-13	7.00956697667e-13	1.80294676763e-06	2.59608433268e-06	5.78058999277e-08	4.36577475663e-07	3.46775195401e-09	8.06437916613e-08	2.13880997276e-09	2.09361931825e-08	
8.32914231009e-13	8.32914222526e-13	2.14235800209e-06	3.08481061839e-06	6.86882349948e-08	5.18765419576e-07	4.120566504e-09	9.58254087661e-08	2.54144808223e-09	2.48775416701e-08	
9.48907028453e-13	9.4890702266e-13	2.44070637292e-06	3.51441128213e-06	7.82540525787e-08	5.9101033514e-07	4.69439976316e-09	1.09170373901e-07	2.89537330287e-09	2.83420712223e-08	
1.04697056312e-12	1.04697056527e-12	2.69293849893e-06	3.87760892281e-06	8.63413241413e-08	6.52088389546e-07	5.17953258602e-09	1.20452625677e-07	3.19459125896e-09	3.12710933154e-08	
1.12578451077e-12	1.1257845039e-12	2.89565898845e-06	4.16951511086e-06	9.28411445661e-08	7.01177513489e-07	5.56943269722e-09	1.29520312907e-07	3.43507318474e-09	3.36251854905e-08	
1.26522579695e-12	1.26522579439e-12	3.25431952861e-06	4.68595908874e-06	1.04340691889e-07	7.8802662913e-07	6.2592671197e-09	1.45562956079e-07	3.86054574367e-09	3.77900681726e-08	
1.39721267486e-12	1.39721266918e-12	3.36898242561e-06	4.85106950623e-06	1.08017200031e-07	8.15792753881e-07	6.47979482457e-09	1.50691921723e-07	3.99656536368e-09	3.91216167147e-08	
1.42580884551e-12	1.42580883971e-12	3.66736181575e-06	5.28071489847e-06	1.17583990112e-07	8.88045124228e-07	7.05368064695e-09	1.64038298432e-07	4.35052562384e-09	4.25865135223e-08	
1.53308519984e-12	1.53308519204e-12	3.94329085758e-06	5.67803293749e-06	1.26430986601e-07	9.54861052594e-07	7.58438494031e-09	1.76380476488e-07	4.67785346927e-09	4.57907072664e-08	
1.63017803077e-12	1.63017802747e-12	4.19302681825e-06	6.03763501097e-06	1.34438170243e-07	1.01533435418e-06	8.06470794541e-09	1.87551066565e-07	4.97410836862e-09	4.86907415386e-08	
1.71715278941e-12	1.71715278418e-12	4.41673873793e-06	6.35976552283e-06	1.41610935246e-07	1.06950613853e-06	8.49497321797e-09	1.9755766141e-07	5.23948998235e-09	5.12885876171e-08	
1.79471556818e-12	1.79471556272e-12	4.61624141561e-06	6.64703539274e-06	1.48007508225e-07	1.11781545422e-06	8.87867371975e-09	2.06481366623e-07	5.47615274549e-09	5.36053014739e-08	
1.86122492668e-12	1.86122492291e-12	4.78731351563e-06	6.89336713756e-06	1.5349252054e-07	1.15924027359e-06	9.20768884879e-09	2.14133393986e-07	5.6790881751e-09	5.55918712811e-08	
2.04452167436e-12	2.04452167022e-12	4.9297938216e-06	7.09852850875e-06	1.5806080153e-07	1.1937415377e-06	9.48170836841e-09	2.20506529719e-07	5.84810500969e-09	5.7246424272e-08	
2.09273845829e-12	2.09273845405e-12	5.38279834901e-06	7.75082071452e-06	1.61788486188e-07	1.22189465426e-06	1.035299352e-08	2.40769136322e-07	6.38549414632e-09	6.2506866117e-08	
2.13239167651e-12	2.13239167329e-12	5.4847936186e-06	7.89768632418e-06	1.75855414607e-07	1.32813361781e-06	1.0549140306e-08	2.45331410128e-07	6.50648318503e-09	6.36912960068e-08	
2.16118332643e-12	2.16118332096e-12	5.55885170862e-06	8.00432390236e-06	1.7822989229e-07	1.34601066573e-06	1.06915501292e-08	2.48644066853e-07	6.59433016223e-09	6.45513092094e-08	
2.32493801772e-12	2.32493801183e-12	5.60594622687e-06	8.07213528613e-06	1.79739841034e-07	1.35741350193e-06	1.07820954634e-08	2.50750653446e-07	6.65019006227e-09	6.50982111164e-08	
2.3337663111e-12	2.33376630757e-12	6.00275985794e-06	8.64351543549e-06	1.8042240655e-07	1.36256776697e-06	1.15453013269e-08	2.68499853765e-07	7.12092081059e-09	6.97061399594e-08	
2.33314748615e-12	2.33314748024e-12	6.00117195179e-06	8.64122872524e-06	1.92411670738e-07	1.45311205476e-06	1.15422047832e-08	2.68428957436e-07	7.11902725744e-09	6.96877393131e-08	
2.48315136422e-12	2.48315135794e-12	5.98743981776e-06	8.62109638605e-06	1.91971346575e-07	1.44978600292e-06	1.22842819459e-08	2.85686858895e-07	7.10272778537e-09	6.95282995228e-08	
2.4682052437e-12	2.46820523619e-12	6.34856111662e-06	9.14106075471e-06	2.03549761916e-07	1.53722696669e-06	1.2210300334e-08	2.8396751217e-07	7.53111637671e-09	7.3721761261e-08	
2.44465178108e-12	2.44465177489e-12	6.28798148153e-06	9.05383028122e-06	2.01607381926e-07	1.52255708023e-06	1.20937327639e-08	2.81257881107e-07	7.45924152714e-09	7.30183114361e-08	
2.5741892196e-12	2.57418921308e-12	6.62116894821e-06	9.5335734394e-06	2.12290172017e-07	1.60323412245e-06	1.27345566081e-08	2.96161136444e-07	7.85449250109e-09	7.68873959749e-08	
2.53281896235e-12	2.53281895464e-12	6.51476228856e-06	9.38035712237e-06	2.08878456368e-07	1.57746748504e-06	1.25298409488e-08	2.91401682149e-07	7.72825292905e-09	7.56517857216e-08	
2.65018885073e-12	2.65018884267e-12	6.81665324856e-06	9.8150372899e-06	2.18557805482e-07	1.65056637906e-06	1.31104691115e-08	3.04905062744e-07	8.08637727646e-09	7.91574443927e-08	
2.59733587582e-12	2.59733586592e-12	6.68071294198e-06	9.61929735814e-06	2.14199118555e-07	1.61764858598e-06	1.28489400272e-08	2.98824641467e-07	7.92509984782e-09	7.75788947124e-08	
2.7105597468e-12	2.71055973648e-12	6.97194007961e-06	1.00386230419e-05	2.23536552271e-07	1.6881653286e-06	1.34090550014e-08	3.11851044824e-07	8.27057324336e-09	8.09607241073e-08	
2.64483172749e-12	2.6448317181e-12	6.80288203459e-06	9.79519456014e-06	2.18116067168e-07	1.64722776212e-06	1.30838243659e-08	3.04289208605e-07	8.07000952194e-09	7.89975803059e-08	
2.74595905815e-12	2.7459590484e-12	7.06299529328e-06	1.01697202384e-05	2.26455914885e-07	1.71021058567e-06	1.35840952179e-08	3.15923905783e-07	8.37857300225e-09	8.20181044668e-08	
2.84395600113e-12	2.84395599102e-12	6.85743746946e-06	9.87373572286e-06	2.19865154812e-07	1.66043471926e-06	1.3188656069e-08	3.06729444788e-07	8.13470949681e-09	7.96311105594e-08	
2.75458485748e-12	2.75458484628e-12	7.08518535942e-06	1.02016594665e-05	2.27167291118e-07	1.71558060336e-06	1.36266762379e-08	3.16916457173e-07	8.40487854609e-09	8.22757966346e-08	
2.83942255994e-12	2.83942254839e-12	7.30339943015e-06	1.0515855762e-05	2.19514685512e-07	1.65778529217e-06	1.40463604922e-08	3.2667702382e-07	8.66373807633e-09	8.48097716239e-08	
2.73749005665e-12	2.73749004413e-12	7.04121839505e-06	1.01383401381e-05	2.257575131e-07	1.70493114537e-06	1.3542007719e-08	3.14949831038e-07	8.35270271176e-09	8.17652479912e-08	
2.81562564383e-12	2.81562563096e-12	7.24219544834e-06	1.04277198081e-05	2.32201262311e-07	1.75359518417e-06	1.39285343272e-08	3.23939475932e-07	8.59111212824e-09	8.40990818514e-08	
2.89483735652e-12	2.89483734328e-12	6.98013175407e-06	1.00503714242e-05	2.23798785995e-07	1.69013635336e-06	1.34243985177e-08	3.12217514734e-07	8.28021489382e-09	8.10559176819e-08	
2.78458818463e-12	2.78458817047e-12	7.16236605926e-06	1.03127615636e-05	2.29641642801e-07	1.73426159293e-06	1.37748778298e-08	3.20368735615e-07	8.49639172228e-09	8.3172085556e-08	
2.85174989491e-12	2.85174988041e-12	7.33511528292e-06	1.05614945024e-05	2.2046770574e-07	1.66497628405e-06	1.41071152319e-08	3.28095691858e-07	8.70131687738e-09	8.5178108549e-08	
2.73259238042e-12	2.73259236514e-12	7.02862862309e-06	1.0120181688e-05	2.25353606371e-07	1.70187448714e-06	1.35175315244e-08	3.1438670703e-07	8.33772088339e-09	8.1619087728e-08	
2.7878714808e-12	2.7878714652e-12	7.17081413681e-06	1.03249070302e-05	2.29912406745e-07	1.7363024035e-06	1.37909850326e-08	3.20746565814e-07	8.50638917127e-09	8.32701939792e-08	
2.83893951566e-12	2.83893949978e-12	7.30216813263e-06	1.05140365338e-05	2.1947732763e-07	1.65749249849e-06	1.40436073287e-08	3.26621934846e-07	8.66220860109e-09	8.47955200624e-08	
2.70504152427e-12	2.70504150741e-12	6.95776660294e-06	1.00181302806e-05	2.23081507627e-07	1.6847110482e-06	1.33810947845e-08	3.11217029956e-07	8.2536346031e-09	8.07962167272e-08	
2.74436149452e-12	2.74436147741e-12	7.05890293025e-06	1.0163750585e-05	2.26324177549e-07	1.7091994568e-06	1.35755998356e-08	3.15740780155e-07	8.37360785781e-09	8.19706443825e-08	
2.77909298256e-12	2.77909296524e-12	7.14823696786e-06	1.02923773249e-05	2.14850595398e-07	1.62254639167e-06	1.37474069298e-08	3.19736618807e-07	8.47958071454e-09	8.30080189436e-08	
2.81446254282e-12	2.81446252528e-12	6.78633903988e-06	9.77127992888e-06	2.17585003702e-07	1.64319716186e-06	1.30512340758e-08	3.03549176444e-07	8.05024880409e-09	7.88055595463e-08	
2.67576532655e-12	2.67576530851e-12	6.88246787814e-06	9.90969010886e-06	2.20667116312e-07	1.66647304475e-06	1.3236106089e-08	3.07848950537e-07	8.16428136259e-09	7.99218402657e-08	
2.70928065685e-12	2.70928063859e-12	6.96867397034e-06	1.00338130326e-05	2.09453406892e-07	1.58178206174e-06	1.34018950901e-08	3.11704884632e-07	8.26654315674e-09	8.09228939876e-08	
2.73877925061e-12	2.73877923215e-12	6.60385126029e-06	9.50850026851e-06	2.11733931053e-07	1.59900432001e-06	1.27000924753e-08	2.95386524832e-07	7.83374280822e-09	7.66864476699e-08	
2.59118958195e-12	2.5911895615e-12	6.6649291074e-06	9.59644221523e-06	2.13692230214e-07	1.61379314093e-06	1.28175539733e-08	2.98118487333e-07	7.90619606654e-09	7.73957030759e-08	
2.61089435184e-12	2.61089433123e-12	6.71561240823e-06	9.66941763154e-06	2.15317258049e-07	1.62606510338e-06	1.29150254e-08	3.00385506754e-07	7.96631893569e-09	7.79842527938e-08	
2.62643242856e-12	2.62643240784e-12	6.75557832878e-06	9.72696168827e-06	2.03048409504e-07	1.53340538882e-06	1.29918859013e-08	3.02173142934e-07	8.01372845705e-09	7.84483479571e-08	
2.47267594266e-12	2.47267592062e-12	6.36009665147e-06	9.15750369469e-06	2.03918521895e-07	1.53997625576e-06	1.22311151575e-08	2.84483417511e-07	7.54455851137e-09	7.38558771013e-08	
2.47911141954e-12	2.47911139745e-12	6.37664935679e-06	9.18133640875e-06	2.04449247323e-07	1.54398409145e-06	1.2262948303e-08	2.85223795272e-07	7.5641942473e-09	7.40480894979e-08	
2.48134107635e-12	2.48134105423e-12	6.38238404088e-06	9.18959290937e-06	2.04633123961e-07	1.54537254507e-06	1.22739773193e-08	2.85480288497e-07	7.57099730422e-09	7.41146786943e-08	
2.47928468009e-12	2.47928465799e-12	6.37709433308e-06	9.18197605751e-06	1.91672437798e-07	1.44748794052e-06	1.2263805333e-08	2.85243666382e-07	7.56472287753e-09	7.40532482447e-08	
2.31817210656e-12	2.3181720834e-12	5.96269127639e-06	8.58527406448e-06	1.91176742133e-07	1.44374435301e-06	1.14666466931e-08	2.66696573585e-07	7.07310810583e-09	6.9241053768e-08	
2.30802417506e-12	2.30802415199e-12	5.93658894108e-06	8.54769060339e-06	1.90339854593e-07	1.43742411794e-06	1.14164507864e-08	2.6552906512e-07	7.04214516092e-09	6.89379395423e-08	
2.30126038852e-12	2.30126036552e-12	5.91919273455e-06	8.52264496731e-06	1.8978205515e-07	1.43321233286e-06	1.13829942849e-08	2.6475103685e-07	7.02150781621e-09	6.87359442194e-08	
2.29723542529e-12	2.29723540234e-12	5.90883968759e-06	8.50773796406e-06	1.77598244614e-07	1.34119449153e-06	1.13630851353e-08	2.64287959428e-07	7.00922701375e-09	6.86157177957e-08	
2.1462114657e-12	2.14621144138e-12	5.52038544469e-06	7.9483978828e-06	1.76995321064e-07	1.33664120742e-06	1.06158323952e-08	2.46913263473e-07	6.54839470865e-09	6.4104846711e-08	
2.13530774022e-12	2.13530771603e-12	5.49233918763e-06	7.90801582513e-06	1.76096104495e-07	1.32985036135e-06	1.05618991612e-08	2.45658813745e-07	6.51512589498e-09	6.37791602262e-08	
2.12076371853e-12	2.1207636945e-12	5.45492952449e-06	7.85415207811e-06	1.74896677337e-07	1.32079236883e-06	1.04899598847e-08	2.43985561642e-07	6.47075002261e-09	6.33447421899e-08	
2.10253980415e-12	2.10253978032e-12	5.40805460792e-06	7.78666000047e-06	1.62546364265e-07	1.22751721502e-06	1.03998187094e-08	2.41888951822e-07	6.41514627711e-09	6.28004099218e-08	
2.08060470027e-12	2.0806046767e-12	5.01684271974e-06	7.22335031728e-06	1.60850571474e-07	1.21471083915e-06	9.64727195651e-09	2.2439091018e-07	5.95104456996e-09	5.82575140444e-08	
1.92638083276e-12	1.92638080786e-12	4.95494860611e-06	7.13423364811e-06	1.58866121255e-07	1.19972457936e-06	9.52825137222e-09	2.21622531304e-07	5.87762517811e-09	5.75387733625e-08	
1.89880490559e-12	1.89880488105e-12	4.88401887661e-06	7.03210731509e-06	1.56591970185e-07	1.18255055638e-06	9.39185551313e-09	2.18450011664e-07	5.79348762306e-09	5.67151075916e-08	
1.86771238495e-12	1.86771236081e-12	4.80404392458e-06	6.91695748793e-06	1.44391915633e-07	1.09041052144e-06	9.23806590403e-09	2.14872921627e-07	5.69862050817e-09	5.57864051879e-08	
1.83310884271e-12	1.83310881902e-12	4.4200713846e-06	6.36407342125e-06	1.41716732793e-07	1.07020814603e-06	8.49945868198e-09	1.97698679586e-07	5.24310943661e-09	5.13275733362e-08	
1.68271533621e-12	1.68271531134e-12	4.32820455948e-06	6.23180216876e-06	1.38771295481e-07	1.04796487842e-06	8.32280613936e-09	1.9358969935e-07	5.13413677395e-09	5.02607782092e-08	
1.64374623909e-12	1.6437462148e-12	4.22796983093e-06	6.08748270623e-06	1.35557565669e-07	1.02369553542e-06	8.13006275854e-09	1.89106443857e-07	5.01523806438e-09	4.90968117669e-08	
1.6015575194e-12	1.60155749573e-12	4.11945373554e-06	5.93123963179e-06	1.32078317868e-07	9.97421069987e-07	7.92139494061e-09	1.84252783723e-07	4.88651595672e-09	4.78366789194e-08	
1.55619305931e-12	1.55619303632e-12	4.00276914626e-06	5.76323546314e-06	1.20308461427e-07	9.08530770617e-07	7.69701972937e-09	1.79033767528e-07	4.74810434004e-09	4.64816904058e-08	
1.50770737151e-12	1.50770734924e-12	3.63545003609e-06	5.23433404276e-06	1.16560058397e-07	8.80223961625e-07	6.99047190432e-09	1.62604403913e-07	4.31235358173e-09	4.2216242882e-08	
1.3685603066e-12	1.36856028376e-12	3.52015082619e-06	5.06832706195e-06	1.12863302206e-07	8.52307657892e-07	6.76876580127e-09	1.57447402821e-07	4.17558527739e-09	4.08773541963e-08	
1.326921675e-12	1.32692165286e-12	3.41304966908e-06	4.91412224733e-06	1.09429420927e-07	8.26376033906e-07	6.56282518969e-09	1.52657035656e-07	4.04854253068e-09	3.9633652913e-08	
1.28223610116e-12	1.28223607976e-12	3.29811130393e-06	4.74863339464e-06	1.05744262479e-07	7.98546846546e-07	6.34181469894e-09	1.47516130243e-07	3.91220332328e-09	3.82989429767e-08	
1.23451085426e-12	1.23451083366e-12	3.17535442912e-06	4.57188742722e-06	9.54393353885e-08	7.20720541962e-07	6.10577028177e-09	1.42025522954e-07	3.76658983412e-09	3.68734415309e-08	
1.1837596223e-12	1.18375960255e-12	2.85433441402e-06	4.10965368179e-06	9.15157862798e-08	6.91091394343e-07	5.85475963765e-09	1.36186788624e-07	3.38576646884e-09	3.31456334692e-08	
1.05931076997e-12	1.05931074996e-12	2.72471334271e-06	3.92302591862e-06	8.73598725483e-08	6.59707522183e-07	5.23906134582e-09	1.21869391436e-07	3.2320120861e-09	3.16404225824e-08	
1.00612479148e-12	1.00612477248e-12	2.58791059487e-06	3.72605802818e-06	8.29736994551e-08	6.26584824024e-07	4.9760180421e-09	1.15750554236e-07	3.06973890605e-09	3.00518153579e-08	
9.50178940087e-13	9.50178922141e-13	2.44400902706e-06	3.51886930825e-06	7.83599235232e-08	5.91743361346e-07	4.69932516184e-09	1.09314205428e-07	2.89904521079e-09	2.83807739693e-08	
8.91512340618e-13	8.9151232378e-13	2.29310927545e-06	3.30160465565e-06	7.3521771324e-08	5.55207500438e-07	4.40917620577e-09	1.02564846252e-07	2.72005037226e-09	2.66284670547e-08	
8.30171260734e-13	8.30171245055e-13	2.13533034873e-06	3.07443541995e-06	6.41800344964e-08	4.84657131817e-07	4.10580000111e-09	9.55077997089e-08	2.5328955555e-09	2.47962766015e-08	
7.66209344123e-13	7.66209329651e-13	1.84751873666e-06	2.66002536417e-06	5.92351776186e-08	4.47315894309e-07	3.55225262707e-09	8.26346510114e-08	2.19147521592e-09	2.14540967396e-08	
6.55915991331e-13	6.55915977206e-13	1.68711903183e-06	2.42908457813e-06	5.40924410933e-08	4.08480367518e-07	3.24384975109e-09	7.54603918826e-08	2.00121361743e-09	1.95914731555e-08	
5.91221346836e-13	5.91221334105e-13	1.52071418909e-06	2.18949771175e-06	4.87571674755e-08	3.68190896386e-07	2.92390068834e-09	6.80175391372e-08	1.8038288821e-09	1.76591157093e-08	
5.24264397821e-13	5.24264386531e-13	1.3484903527e-06	1.94153277395e-06	4.32353248939e-08	3.26492549915e-07	2.59276333927e-09	6.03144185691e-08	1.59954180788e-09	1.56591859928e-08	
4.55125327141e-13	4.5512531734e-13	1.17065376669e-06	1.68548671296e-06	3.51854392633e-08	2.6570035126e-07	2.2508342503e-09	5.23602549831e-08	1.38859703439e-09	1.35940790048e-08	
3.83892363235e-13	3.83892354968e-13	9.87431369619e-07	1.42168627279e-06	2.96784657083e-08	2.24114816083e-07	1.89854975751e-09	4.41651987997e-08	1.1712637485e-09	1.14664300573e-08	
3.10662013902e-13	3.10662007212e-13	7.49082452678e-07	1.07850610847e-06	2.40170756136e-08	1.81363220444e-07	1.4402057532e-09	3.35044421136e-08	8.88530445614e-10	8.69827119753e-09	
2.20804171473e-13	2.2080416607e-13	5.67943117162e-07	8.17707178681e-07	1.82093882758e-08	1.37506877179e-07	1.09194250827e-09	2.54025662162e-08	6.73670522923e-10	6.59489894638e-09	
1.48713753447e-13	1.48713749808e-13	3.82515190581e-07	5.50733684514e-07	1.22641997968e-08	9.26122099979e-08	7.35433881741e-10	1.71088737553e-08	4.53723638035e-10	4.44172815086e-09	
7.5071111307e-14	7.507110947e-14	1.93094712034e-07	2.78011855892e-07	6.19100174284e-09	4.67508943886e-08	3.71249043936e-10	8.63660582032e-09	2.2904093883e-10	2.24219640263e-09	
0.0	0.0	0.0	0.0	0.0	0.0	0.0	0.0	0.0	0.0	
changement
