2255.04877438	906.800682765	489.546157105	339.584952224	274.409994954	
2203.66685512	886.138953602	478.391699478	331.847401859	268.157462166	
2153.45623297	865.94800426	467.491397208	324.286159693	262.047420147	
2104.38995101	846.217114637	456.839464003	316.897204304	256.076591839	
2056.43931673	826.93580399	446.43023713	309.676604567	250.241811119	
2009.58825119	808.093826274	436.258188207	302.620527076	244.539976796	
1963.79378538	789.681165008	426.317914642	295.725226265	238.968064699	
1919.04815338	771.688034979	416.604128871	288.98704222	233.52310145	
1875.32202623	754.104893148	407.111679242	282.402379446	228.202200135	
1832.60172734	736.922516027	397.835514689	275.967757095	223.002547889	
1790.83667239	720.131381027	388.770713548	269.679765288	217.921366756	
1750.03135002	703.722964505	379.912457281	263.535015762	212.955960784	
1710.15633635	687.68843051	371.256036616	257.53028946	208.103693774	
1671.18991126	672.019237081	362.796854332	251.662380242	203.36199193	
1633.11133707	656.707079055	354.530419158	245.928176963	198.728322819	
1595.90039601	641.743809791	346.452335028	240.324630279	194.200240223	
1559.53742087	627.121483054	338.558313304	234.848760561	189.775329872	
1524.00355125	612.832329472	330.844159677	229.49766237	185.451242612	
1489.27799933	598.868759916	323.305774411	224.268491058	181.22567981	
1455.34428506	585.223352794	315.939155227	219.158463699	177.096398504	
1422.18751554	571.888859837	308.74038583	214.164870876	173.061201238	
1389.77892946	558.858219479	301.705642774	209.285058544	169.117947869	
1358.11276724	546.1244462	294.83118759	204.516432566	165.264546764	
1327.16741824	533.680837736	288.113370256	199.85646613	161.498942292	
1296.93288801	521.520760517	281.548619886	195.302678184	157.81914041	
1267.37657817	509.637749433	275.133450414	190.852645244	154.223184768	
1238.50000918	498.025501695	268.864450817	186.504010249	150.709161064	
1210.27966118	486.677835543	262.738293842	182.254461227	147.275208621	
1182.70305931	475.593268166	256.751720422	178.101737611	143.919496312	
1155.75792885	464.752307758	250.901554514	174.043635813	140.640247094	
1129.42053177	454.162777978	245.184701235	170.077998994	137.435716615	
1103.68620389	443.814539664	239.598079326	166.202719222	134.30420329	
1078.53850949	433.702093172	234.138764897	162.415740509	131.24404152	
1053.96354843	423.820060421	228.803841732	158.715049995	128.253612097	
1029.94949868	414.163189118	223.590476977	155.098678207	125.331309115	
1006.48097012	404.726355693	218.495900393	151.5647079	122.475596738	
983.548012779	395.504544419	213.517404874	148.111258425	119.684952911	
961.137558835	386.492851568	208.65234621	144.736498994	116.957897433	
939.238373577	377.686545841	203.898139336	141.438634882	114.292974306	
917.837355321	369.080796029	199.252261081	138.215911952	111.688794144	
896.923835055	360.671176006	194.712235564	135.066621922	109.14391286	
876.487037863	352.45317503	190.275657674	131.9890871	106.657034655	
856.516016736	344.422422823	185.940169242	128.981675335	104.226821498	
837.000034824	336.574652391	181.703466371	126.042789082	101.851982422	
818.103382662	328.905708678	177.563297381	123.170866371	99.5312529213	
799.291973012	321.411507354	173.517463956	120.364380153	97.263403659	
781.080018999	314.088023113	169.563816514	117.621842255	95.0472275396	
763.286679146	306.931432094	165.700253375	114.941792397	92.8815483704	
745.891110649	299.937907515	161.924722802	112.322809433	90.7652137689	
728.895723596	293.103730124	158.235219129	109.763499174	88.69710037	
712.287616276	286.425273642	154.629781323	107.262505552	86.6761106282	
696.063884458	279.898986799	151.106495284	104.818496229	84.7011682885	
680.198030311	273.521485946	147.66348803	102.430175235	82.7712273955	
664.700183484	267.289135973	144.298930601	100.09627213	80.8852594982	
649.554105702	261.19887181	141.011035988	97.8155487364	79.0422646124	
634.755299714	255.247376176	137.798056561	95.586791396	77.2412628159	
620.290752379	249.431487204	134.658285887	93.4088174692	75.4812968011	
606.15763064	243.748115563	131.590056064	91.280471757	73.7614329044	
592.34615919	238.194240345	128.591739577	89.2006165622	72.0807593857	
578.849252752	232.766929776	125.661735286	87.1681531361	70.4383745994	
565.660529767	227.46324766	122.798494925	85.1820007136	68.8335121925	
552.805992533	222.280428679	120.000493517	83.2411030715	67.2650613851	
540.175957253	217.215703531	117.266245802	81.3444290093	65.7323704888	
527.868390366	212.266376194	114.594299129	79.4909714282	64.2346383568	
515.840688014	207.429848909	111.983233121	77.6797456155	62.77103349	
504.086695561	202.703471015	109.431661355	75.9097890017	61.3407799142	
492.605312146	198.084811026	106.938227643	74.180161538	59.9431072857	
481.376769163	193.571388613	104.501607793	72.4899439918	58.577285414	
470.408462386	189.164571663	102.120506889	70.8382386895	57.2425842554	
459.69257774	184.850719691	99.7936602697	69.224167846	55.9382952544	
449.216035602	180.638840277	97.5202427836	67.6468743484	54.6637234445	
438.980339329	176.522962055	95.2978126297	66.1055198471	53.4181946725	
428.97799967	172.500801736	93.1264229974	64.5992855935	52.2010443588	
419.203627546	168.570317621	91.0045098866	63.1273712636	51.0116279242	
409.66193732	164.72939208	88.9309444771	61.6889949114	49.8493235016	
400.317869608	160.975983766	86.9046254053	60.283392631	48.7134845862	
391.246895654	157.308146762	84.9244772322	58.9098169978	47.6035295685	
382.28316141	153.746735089	82.9894472469	57.5675391609	46.5188686371	
373.572478123	150.221140459	81.0985076302	56.2558455968	45.4589224005	
365.060666989	146.798305921	79.2506535216	54.9740389659	44.4231266479	
356.761034513	143.453463341	77.4449032889	53.7214385594	43.4109327451	
348.61396226	140.18483517	75.6802980267	52.4973795255	42.4218009592	
340.670698082	136.990681582	73.9558993775	51.3012107395	41.4552075679	
332.908772398	133.869306276	72.2707917271	50.1322970364	40.5106377765	
325.32296537	130.819051341	70.6240797909	48.9900174535	39.5875908225	
317.910381332	127.838319799	69.0148887127	47.8737651817	38.6855754876	
310.667543528	124.925464748	67.4423639664	46.7829468495	37.804113059	
303.594377987	122.07900151	65.9056688952	45.716983268	36.942734835	
296.670607497	119.297397399	64.4039881892	44.6753079323	36.1009838855	
289.910962297	116.579166323	62.9365238364	43.6573674744	35.278411454	
283.305175175	113.923077478	61.5024961079	42.662621056	34.4745824594	
276.861163954	111.327202492	60.1011430432	41.6905404344	33.6890692229	
270.542896557	108.790484818	58.7317203113	40.7406088683	32.9214527526	
264.377362432	106.311716743	57.3935015637	39.8123217479	32.1713276138	
258.35354783	103.889449103	56.0857719338	38.9051859425	31.4382940865	
252.476497474	101.522184292	54.807840679	38.0187194764	30.7219629983	
246.714188868	99.2089951183	53.5590273867	37.1524513675	30.021953744	
241.093300049	96.9484478079	52.3386687439	36.3059215156	29.3379015482	
235.613611278	94.7394477206	51.1461162976	35.4786801662	28.6694217166	
230.436326103	92.5807809564	49.9807365312	34.6702876342	28.016180271	
224.996347242	90.4712998282	48.8419102647	33.8803146756	27.3778231115	
219.858986446	88.4109004049	47.7290326028	33.1083487064	26.7540115737	
214.849197931	86.3954372478	46.6415121395	32.3539577108	26.1444127691	
210.00945867	84.4268925806	45.5787711264	31.6167632015	25.5487043157	
205.939911646	82.5032150504	44.5402460823	30.8963719726	24.9665693298	
200.512425998	80.6233423305	43.5253820408	30.1923824666	24.3976990524	
195.9324136	78.7863245561	42.5336431177	29.5044399957	23.8417896153	
191.467154897	76.9911417239	41.5645011224	28.8321724209	23.298549733	
187.116846105	75.2368864516	40.6174412807	28.1752224946	22.7676827053	
182.836719169	73.52260527	39.6919622223	27.5332449527	22.2489162266	
178.69877804	71.8473518649	38.7875672991	26.9058882548	21.7419968743	
174.602988119	70.2102882477	37.9037812612	26.2928296477	21.2465686315	
170.645572549	68.6105241914	37.0401316275	25.6937394089	20.7624597243	
166.733227097	67.0473477403	36.1961609893	25.1082997613	20.289380298	
162.940523975	65.519516325	35.371420499	24.5362047153	19.82708167	
159.286748351	64.0272857027	34.5654720493	23.9771347557	19.3753335366	
155.595170853	62.5677774296	33.7778879561	23.4308085579	18.9338431728	
152.048284225	61.142150203	33.0082478256	22.8969304545	18.5024288943	
148.587323583	59.7519460086	32.2561454842	22.3752169138	18.0808474424	
145.198690495	58.3876058257	31.5211788452	21.8653908655	17.6688683976	
142.893357249	57.0572261236	30.8029592304	21.367181264	17.2662772226	
138.656601854	55.7571552184	30.101395956	20.8803235591	16.8728866465	
135.497552097	54.4867097623	29.4152416622	20.4045590509	16.4884065541	
132.411293688	53.2452135785	28.7450074211	19.9396371745	16.1127143205	
129.398305149	52.0320045951	28.0900427783	19.4853044632	15.7455801922	
126.449867753	50.8464394588	27.4500026852	19.0413258384	15.3868369901	
123.576117947	49.6878874298	26.8245459911	18.6074634336	15.0362191473	
120.747561636	48.5593076693	26.2133405786	18.1834867113	14.693614451	
117.996210047	47.4493763474	25.6160631993	17.769173799	14.358828971	
115.318457289	46.3682856677	25.0323919417	17.3642946906	14.0317207316	
112.747189057	45.3118562502	24.4620212904	16.9686438475	13.7119318881	
110.112626147	44.2792715632	23.9046470639	16.582008143	13.3995000277	
107.610930697	43.2818678454	23.3599720957	16.2041820291	13.094188602	
105.151526016	42.2886829145	22.8277080628	15.8349649481	12.7958332717	
102.769498229	41.3209723175	22.307572046	15.4741604692	12.5045563239	
100.417572661	40.5010857159	21.799287005	15.1215769175	12.2193626125	
98.1259795241	39.4599369192	21.3025843713	14.7770274147	11.9409412888	
95.8921468865	38.5603181243	20.8171978217	14.4403281822	11.6688645144	
93.7131238618	37.6817476208	20.3428716528	14.1113010592	11.4029861205	
91.5775773417	36.8231147171	19.8793535816	13.7897708114	11.1431649691	
89.4838412131	35.9840752005	19.4263960398	13.475566553	10.8892645937	
87.4621955183	35.1641758321	18.9837609375	13.1685220897	10.6411710784	
85.4557745894	34.3629482165	18.5512089797	12.8684730009	10.3986940876	
83.5428430886	33.5806518929	18.1285140553	12.5752610986	10.1617489867	
81.6025704981	32.8148427902	17.7154511288	12.2887299861	9.93021046471	
79.7422091094	32.067345688	17.3117984457	12.0087278537	9.70394756488	
78.0003193496	31.3364809211	16.9173458315	11.7351054894	9.48285379886	
76.157625945	30.622469233	16.5318770361	11.4677170352	9.26677245925	
76.8941088514	29.9247867313	16.155193198	11.2064218513	9.05562480828	
72.7177321105	29.2428925196	15.7870935103	10.9510801919	8.84936553779	
71.0647005963	28.5766880879	15.4273785233	10.7015569741	8.64765556927	
69.4444726077	27.9257349692	15.0758641593	10.4577182076	8.45061682491	
67.861050667	27.2894149011	14.7323529486	10.2194482421	8.25811540766	
66.3146660595	26.6679670762	14.3966717913	9.98658266138	8.06992271799	
68.2226761321	26.0599404025	14.0686414175	9.75903534434	7.88603019133	
63.3342043478	25.4690968455	13.7480810237	9.53667413926	7.70635710979	
61.8811604507	24.8857078992	13.4348318021	9.3193773237	7.53075579469	
60.4726887141	24.3186788509	13.1290578781	9.10703243079	7.35916113847	
59.4760436453	23.7645748186	12.8295685619	8.89962861632	7.19148012406	
57.7454837457	23.2252156311	12.5372536162	8.69674708042	7.02762077058	
56.4312820357	22.6940728838	12.2515780093	8.49858905044	6.86750126406	
55.1550863693	22.1769403316	11.9724241273	8.30494632114	6.71101550085	
53.9188689371	21.6717664361	11.7001555027	8.11571542296	6.55812018479	
52.6677387087	21.1777651845	11.43304725	7.93079635619	6.40867601241	
51.4825608409	20.6954366698	11.1725531373	7.75010029166	6.26265115416	
50.3071989084	20.2236573297	10.9179721112	7.57350258276	6.11995445607	
49.1432628691	19.7632485139	10.6692059803	7.40093802475	5.98050932927	
48.0733293045	19.3125561176	10.4261016125	7.23230539954	5.93222095177	
58.8960587313	18.8726115675	10.1885397942	7.06751511761	5.71107905023	
45.854271036	18.4424905859	9.9564082716	6.90649425775	5.58095774857	
44.9152629526	18.0222725396	9.72953145914	6.74911343269	5.45378841287	
43.8845285656	17.6116914561	9.50784100768	6.59533279752	5.32952151451	
43.022118121	17.2103937779	9.29120190609	6.44505614367	5.20819318773	
41.8133017872	16.8187002022	9.07949901713	6.29820356859	5.08943091213	
40.8621651413	16.4350354291	8.87264684663	6.15469747861	4.97345770493	
40.1113718509	16.0605401566	8.67045461446	6.01518865364	4.86014217086	
39.0194263536	15.6945879353	8.47289550967	5.87741912513	4.74941930799	
41.2326804299	15.3369762557	8.27985770725	5.74350038204	4.64117541667	
39.2921182253	14.9875745426	8.09120352174	5.61263370186	4.53543378936	
36.4085805061	14.6460047895	7.90681941802	5.48474802217	4.4320851612	
35.5822180659	14.3125098557	7.7282968499	5.35977573601	4.33565036439	
34.7925042569	13.9861802599	7.55060584743	5.23765164068	4.23241156108	
33.9736546796	13.6674886838	7.37859336114	5.1183101679	4.13597574029	
33.2003122952	13.3560695989	7.21048101643	5.00168907303	4.04196611608	
32.4546359939	13.0545771596	7.04614788868	4.88772389575	3.94972427803	
31.713133001	12.7553187943	6.88595761162	4.77635460643	3.85964892096	
30.9804587266	12.4646016685	6.72870864679	4.66752393754	3.77170549876	
30.5938066581	12.1807863526	6.57545799439	4.56117298551	3.68576590347	
29.5844639786	11.9029758951	6.42563451804	4.45724708921	3.60178528494	
28.930432186	11.6329071233	6.27916200075	4.35568556516	3.51973433645	
28.2648088264	11.3662176014	6.13608929088	4.25643988223	3.4395195228	
27.6178906493	11.1072037804	5.99627662697	4.15945562897	3.36114814677	
26.9693950393	10.8571630864	5.85967749245	4.06468125414	3.28457781084	
27.5440191856	10.6517543991	5.72616938618	3.97206610451	3.21108935886	
25.8940818854	10.3649424802	5.59566435829	3.88258525292	3.13956234118	
25.2900150359	10.1287779803	5.47019217539	3.79311877985	3.0651445156	
25.5426964697	9.93191966571	5.34357087623	3.70669347656	2.99528070852	
24.0303916598	9.67248665609	5.22593740249	3.62223331399	2.92703141504	
23.4774424794	9.45673157809	5.10284941341	3.53970117034	2.86034199718	
22.9626569985	9.23671689965	4.98656647889	3.45904811217	2.79516404206	
22.432054878	9.02759687792	4.87294544741	3.38023097743	2.7314750992	
25.5381038473	8.82056774314	4.76191326794	3.30321474931	2.66933109489	
21.4139437361	8.61991863861	4.65341184622	3.22794677625	2.60842745597	
21.0469037003	8.42315019429	4.54740471887	3.15452618449	2.54900946803	
20.563815004	8.23148261184	4.44377030325	3.08252524057	2.49092668399	
19.9659397142	8.04444794295	4.34251734526	3.01228695147	2.43414843631	
19.5226370727	7.86233237041	4.24358578943	2.94504770805	2.37868491257	
19.7518699955	7.68600405933	4.14687889297	2.87658055036	2.32482471197	
19.2971304078	7.51052226456	4.05239100245	2.81103537715	2.27242838044	
18.2497158575	7.33530770286	3.96006953402	2.74698867717	2.21976301802	
18.4209952775	7.1680611973	3.86982705453	2.6844033234	2.16919363285	
18.8874579611	7.00471991585	3.78167502089	2.63552747907	2.11975971224	
17.0941012571	6.88947372205	3.6954831945	2.56346094943	2.07148396526	
18.7708461638	6.68998074346	3.61128027938	2.50504881655	2.0242603724	
16.2885380609	6.53675534914	3.52901839241	2.44797050936	1.97821724653	
16.1035112605	6.38793915638	3.44859096701	2.39224576351	1.93306721536	
15.467289496	6.24222639893	3.37006215007	2.33769164303	1.88936464111	
15.3612227861	6.10051346575	3.29322263717	2.28442475006	1.84610392933	
71.262133787	5.96135893691	3.21818526082	2.23244222184	1.80394830618	
14.9123393759	6.15342981671	3.14490811955	2.18150436947	1.76281788203	
14.2126431157	5.69250828084	3.0743364181	2.13179795299	1.72267107249	
28.1569017356	5.56293624347	3.0050296545	2.08322478611	1.68341401736	
24.4256889113	5.45287372364	2.93721956006	2.03577580172	1.64510135105	
13.206795723	5.31997129034	2.87095213993	1.98937787697	1.60756707602	
12.8626256104	5.22535974431	2.80616158798	1.94404340512	1.57092659068	
14.065588047	5.07288582043	2.74297060817	1.8997519781	1.53512802358	
12.2401351957	4.9571941274	2.68068584121	1.85646225483	1.50015255588	
18.3701432449	4.84422544717	2.61996503683	1.81418994293	1.46597460663	
11.703428366	4.73514661973	2.56061427744	1.77283433153	1.43679141012	
31.2570268867	4.63400147858	2.50265312493	1.73243071246	1.39992370679	
12.0078354791	4.52131439927	2.44900066557	1.69333624681	1.37658435995	
17.3438083377	4.41746379524	2.39624197296	1.65438222601	1.33813500746	
10.8572386913	4.31704027057	2.34424794984	1.6173986119	1.30645674757	
10.3777048931	4.21849475512	2.2931508319	1.57984954067	1.27662190905	
10.3412272459	4.12391300251	2.24296664568	1.54385287441	1.24757221053	
10.0767155117	4.03968536613	2.19365010639	1.50867792366	1.21925661899	
26.4623616515	3.93777827872	2.1452448937	1.47429962456	1.19145873839	
9.45445939454	3.84712205087	2.09776674427	1.44070655979	1.16418157937	
9.27532121119	4.08210582562	2.05113631864	1.40787946625	1.13775227071	
9.29495299156	3.68108603043	2.00553613037	1.37617050137	1.11174697122	
10.4911752434	3.58987445917	1.96300422703	1.34445248877	1.08639893677	
20.2223991711	3.51010381041	1.92084278109	1.31381903575	1.0616518762	
14.1293154555	3.42862496989	1.879401415	1.28388699916	1.03745301638	
8.18970773347	3.35010548785	1.83856720919	1.2546415767	1.0142130775	
10.2158956927	3.27808268282	1.79913894549	1.22605298539	0.991608108685	
8.12070561392	3.1991269777	1.75925258613	1.19810580524	0.968136012607	
9.78597996248	3.12648931558	1.72029529587	1.17080611834	0.973199624479	
8.29402341477	3.07792540782	1.68338498389	1.14413621552	0.925371065334	
7.4642585658	2.99576086839	1.64476665519	1.11808079208	0.903509565917	
7.09860805447	2.91756129531	1.60927083388	1.09263495753	0.886310618353	
6.92827007831	2.85311919338	1.57550989024	1.06768871984	0.863953220391	
6.73797783446	2.87900345896	1.54125723226	1.04405998447	0.843129422821	
7.35800813249	2.72247112413	1.50839387641	1.01962352926	0.823874794751	
7.95760440373	2.67207759006	1.47623346194	0.996357824676	0.805199937191	
11.1370787358	2.62803759492	1.44402352048	0.973654640024	0.786751270249	
6.05273883156	2.54387716276	1.41264975621	0.951477130993	0.768821824927	
6.04174698565	2.49074909405	1.38475745605	0.929788229095	0.751309250368	
7.24048258623	2.72525052908	1.3523314259	0.908603230142	0.734247633393	
5.58320009944	2.37084150607	1.32277803767	0.88792068144	0.717674038437	
9.26234475548	2.32246942796	1.29191662828	0.867670055968	0.701138827172	
5.31660800663	2.26532203818	1.26519485146	0.847913453206	0.686255861277	
5.17367804453	2.21229736144	1.23870567135	0.828711687861	0.669508937351	
6.65645386538	2.16280469417	1.21327227011	0.809699227483	0.655135039367	
6.94836813331	2.11325933163	1.18690941407	0.791248707661	0.639366420751	
5.03630167464	2.06433540373	1.16105540982	0.774463139711	0.624770635079	
6.44386069994	2.04007409238	1.24554418833	0.755615582692	0.611371240948	
7.38061369409	1.97121566089	1.1109966749	0.744478011874	0.596803412368	
6.42304962701	1.93255622962	1.08667125529	0.721635191898	0.583018511883	
4.94825602426	4.00922517642	1.0626335576	0.717331129653	0.569898849852	
5.56891811617	1.83939613066	1.03899856062	0.689145795949	0.556870215485	
4.29221028683	1.79847109982	1.01776919529	0.673461076915	0.54406301643	
3.87408326323	1.75698617857	1.14329241135	0.658166374964	0.531741528732	
4.87171708233	1.71925087902	0.975837177248	0.643143847852	0.519547479176	
4.98663996199	7.72966601489	0.955123948766	0.628499817742	0.50797492173	
3.53545242814	1.64696823599	0.9346444326	0.614191588242	0.496325806736	
3.94235805127	1.60148508141	0.914387121922	0.600402573083	0.49500308528	
4.32371183277	1.68161473867	0.894843551578	0.589002655839	0.487079502952	
3.71414777401	1.53396120903	0.874897240246	0.57337277269	0.463395388094	
3.11039318944	1.49411585902	0.855446015466	0.561159043559	0.452407724112	
3.40472077406	1.54990867595	0.836801478784	0.547705201271	0.442093325828	
3.85736345788	1.42664065293	0.819695108531	0.53527468653	0.438567292431	
3.52017409341	1.39674263002	0.803154592954	0.523103026639	0.422396088987	
3.31931394587	1.3712326217	0.786277362766	0.511418551349	0.413216107084	
2.61291109729	1.3543409429	0.769772024937	0.499668918317	0.403179603678	
2.84180658975	1.30053858336	0.75638358082	0.488260455654	0.394111315333	
2.56420294398	1.27671644026	0.737130545221	0.477204879917	0.384956542011	
2.76932618105	1.56978533322	0.721448628604	0.466401912899	0.37951637447	
2.1804953825	1.21343605714	0.70530912522	0.455879706457	0.367616767654	
2.05141084785	1.18548366086	0.689727383849	0.44552177156	0.554192163443	
2.39328209806	1.15919599207	0.674526604999	0.435420897501	0.351050466745	
1.85597212795	3.83802787182	0.661206463522	0.425571675854	0.345221665723	
2.20933194612	1.10569041844	0.647873420755	0.415960125035	0.335251148697	
2.32796496918	1.13675239137	0.638155743069	0.407664583263	0.327677647167	
1.97750695435	1.06065399322	0.621411185459	0.397231083114	0.320177106808	
1.62201816231	1.03555694128	0.608364789769	0.388230416446	0.336653309646	
1.71653426186	1.00875969726	0.59774616642	0.379411575257	0.30607492344	
1.55665019997	2.20782097776	0.582728748657	0.373228528873	0.298665060888	
1.56094790255	4.32347839462	0.569643130058	0.362485547014	0.291880364383	
1.58638481521	0.940824443732	0.563556114913	0.354337622543	0.285443390517	
1.30087452703	0.94332946135	0.545472642643	0.346470128152	0.293290956768	
1.42138724271	1.80255530026	0.534498456135	0.339768905309	0.272338040744	
1.2670859474	0.876111668953	0.523747572104	0.330716476992	0.266127706999	
1.15715265322	0.87245160583	0.514352231428	0.323361545541	0.260014795693	
1.12111596648	0.836781154769	0.502965595704	0.315884483447	0.254130434057	
1.16801843257	0.820559390258	0.492183865912	0.308698807384	0.249401232572	
0.965462882276	0.809284037746	0.481669186575	0.301826034253	0.2426074809	
0.972924413485	0.779046360015	0.48433745209	0.294932722177	0.237272696904	
0.906268131471	1.27865329462	0.461221457045	0.292609293615	0.232414210679	
1.04257213524	0.745312780216	0.461713308502	0.281804305087	0.226499106647	
0.80525701544	1.16672584707	0.441549743479	0.275560564691	0.221293166073	
0.734635832361	0.728484436244	0.432740537489	0.269140580829	0.244693644808	
0.805165650328	0.692190074705	0.424766457519	0.263030960177	0.236799538835	
0.661446600137	1.22885805623	0.418702809007	0.257187323367	0.206664040378	
0.659636858031	0.694638294452	0.407546674779	0.252154406453	0.201994169919	
0.571766067563	0.644931957638	0.399333953124	0.245533146043	0.197218019033	
0.599967548324	1.44966855439	0.390871404076	0.242179530292	0.193227834835	
0.616694902227	0.615813506236	0.38248775228	0.234646773584	0.224469441614	
0.536235844273	1.24460636012	0.374046009991	0.230881407418	0.183782356969	
0.577471033565	1.38660757561	0.485545904165	0.224279776093	0.179994740959	
0.514570076037	0.66696281776	0.357977443069	0.220470715634	0.175830574919	
0.471182134992	0.596217577407	0.35176674056	0.232954221708	0.278536566674	
0.464075243004	1.10707189415	0.344756503675	0.209231370562	0.180091402052	
0.424292711448	0.864654098087	0.3380838128	0.207006487823	0.163596255238	
0.388916614629	1.35342153938	0.331319032677	0.199839642432	0.162651752407	
0.427184743494	0.509631254638	0.324519621624	0.195293048602	0.156179665588	
0.32610133831	0.557001633396	0.318425719189	0.190887477089	0.152625787779	
0.343941710766	0.496883525813	0.31103585748	0.18660173976	0.149538536311	
0.385320560818	0.470640398337	0.308094123547	0.182549965022	0.157855637435	
0.303642562808	0.459548612752	0.297695741109	0.180039995223	0.143570794302	
0.286213138202	0.453487021116	0.291530404984	0.174648856352	0.139105858389	
0.284889258415	0.460595943339	0.286164839901	0.170304032253	0.13584203541	
0.288962075872	0.536087125619	0.287061257596	0.167673451153	0.14397957342	
0.243711956927	0.462598220181	0.275495242299	0.162699457972	0.130223479512	
0.229597426512	0.440721759316	0.270181499819	0.160966675492	0.126811845358	
0.222665770725	0.46043431092	0.265121022001	0.15540863631	0.125581325879	
0.203502354091	0.442470606592	0.47407965731	0.152065703414	0.120998424551	
0.198979229763	0.373314311655	0.258811363081	1.57198848483	0.122602773559	
0.201095045147	0.555445310064	0.248312209295	0.145126241418	0.115517994863	
0.174310630178	0.645644784087	0.242911278978	0.141946446568	0.191988867787	
0.165207242591	0.514517633021	0.238650043276	0.138709853653	0.110728292306	
0.160833810767	0.33491546111	0.233665169836	0.135499106565	0.114935100986	
0.150485620609	0.525851254637	0.232038409601	0.639617216891	0.111649612121	
0.134609097111	0.450345276194	0.232079772352	0.131428865397	0.102404263126	
0.130371266895	0.476167862485	0.221304999479	0.126496736849	0.101519408991	
0.11340061514	0.344974692501	0.216559354523	0.123602725615	0.102213653961	
0.119162812395	0.452485228321	0.212175535817	0.120835474316	0.0953816349601	
0.101177049956	0.399789780776	0.211551234597	0.119470390573	0.0962671957768	
0.109181620121	0.273484918698	0.204182331015	0.115479203585	0.108282367023	
0.0959128440571	0.30688811055	0.198911051203	0.112895555946	0.118335701407	
0.091954350547	0.272902255117	0.194761530907	0.110335297195	0.113822814196	
0.0931233601513	0.334481351215	0.302374834362	0.121520888999	0.0845110246831	
nan	0.244489422114	0.199526415449	0.105366411412	0.0987282309899	
nan	0.25788803886	0.572719025377	0.103119944815	0.0845682445606	
nan	0.33618652426	0.18154154544	0.10073417597	0.104153973443	
nan	0.219771835671	0.178887142412	0.0996912446962	0.0797948325123	
nan	0.281941003188	0.174283935066	0.0961167482816	0.0751892177816	
nan	0.253643766806	0.186381381348	0.0940263751226	0.0794989591427	
nan	0.201916491535	0.166925859423	0.0921027426521	0.0733574068651	
nan	0.225280999841	0.165049012237	0.0898114224124	0.0696873294838	
nan	0.266044525798	0.16027203603	0.100955998935	0.0958132545739	
nan	0.190217611305	0.1586240894	0.085925367561	0.0659293299375	
nan	0.181544370165	0.158332604281	0.083856453036	0.126846753441	
nan	0.196927803277	0.192739598474	0.0823366017935	0.0651782249484	
nan	0.177307748523	0.149920458779	0.0804826786656	0.0613452582375	
nan	0.195865632183	0.41449813518	0.0797463453896	0.106047052993	
nan	0.165580716587	0.143511613073	0.0764422704534	0.0671212319228	
nan	0.187025162853	0.141152098867	0.0819619613087	0.0643405520353	
nan	0.160380955282	0.137487430467	0.0754121074693	0.0867962001688	
nan	0.147492160233	0.134756563134	0.0766959424175	0.060233964287	
nan	0.142198796371	0.1403515874	0.211615676421	0.0574872059524	
nan	0.126842061133	0.129716114783	0.0682860312759	0.073619054083	
nan	0.117266642794	0.127732711428	0.0679709733213	0.050227770393	
nan	0.130530216529	0.125864074297	0.0662611077967	0.0487538212701	
nan	0.135971016961	0.124906304756	0.0949847170012	0.0734065916126	
nan	0.105042457347	0.122286194454	0.062281435245	0.0521563737536	
nan	0.11174868139	0.118399301989	0.104965619964	0.0515114348017	
nan	0.102185093457	0.116113972898	0.0652371742983	0.0548643098225	
nan	0.110915514243	0.154413646459	0.058041910267	0.0534284596013	
nan	0.101684533793	0.111622761684	0.08427840976	0.0426592431476	
nan	0.0915443047066	0.131094283904	0.0594761115729	0.0645604516912	
nan	0.0838432484745	0.158248773453	0.0576982833534	0.054891356155	
nan	0.0804158309439	0.105534016545	0.0610529186433	0.0455990724863	
nan	0.0783475427386	0.105004074828	0.0518017013469	0.0422242893033	
nan	0.0707498538528	0.145995672643	0.0505020035681	0.0343632529809	
nan	0.0682051427219	0.0999266197458	0.0498439140744	0.0440716198892	
nan	0.0614850876516	0.13947077215	0.0781718339006	0.0400629854998	
nan	0.0598987469749	0.095856846647	0.135509235897	0.0357615208004	
nan	0.0655287311789	0.093992102481	0.0462240239689	0.0360968969789	
nan	0.0541992327372	0.0922175763254	0.0551515246856	0.0385627708294	
nan	0.0505089145299	0.125433005751	0.0513791848263	0.0309417223081	
nan	0.0474076967443	0.0888397941281	0.0511788771089	0.0307586406058	
nan	0.0504987940784	0.0877375937896	0.0969656468749	0.0345041565802	
nan	0.04727836167	0.103830369255	0.0722701025041	0.0274461114258	
nan	0.0400093769891	0.0841864237353	0.0810806449234	0.0260052005931	
nan	0.0421973527363	0.084803338488	0.0390859770597	0.0253919909441	
nan	0.0414719612306	0.0818710247495	0.0449404627063	0.0237708802899	
nan	0.031566348668	0.0954554283194	0.0774306007674	0.024771060067	
nan	0.0317039230106	0.114048236685	0.0521825222425	0.0224817840997	
nan	0.0351574744148	0.0795664145449	0.0353653423765	0.0255340784426	
nan	0.0319372373903	0.0953798031814	0.0404817839556	0.0223871806	
nan	0.0274095131308	0.0744297889351	0.0548748344626	0.0209518711315	
nan	0.0287415802975	0.0894603391284	0.0342882267688	0.019883645505	
nan	0.0294160266734	0.0708800199231	0.0453505129762	0.0179705516555	
nan	0.0259200513331	0.0759029626066	0.038809469961	0.0180439672037	
nan	0.0250742827719	0.0695051911294	0.044848426515	0.0166867437092	
nan	0.0236246472189	0.080835924814	0.0566922265639	0.0155970586666	
nan	0.0220528113266	0.0735193171587	0.0667340386271	0.0144745735327	
nan	0.0201904297781	0.0639109083955	0.0459957738265	0.0143783707765	
nan	0.0219900139628	0.0712311052494	0.040402590888	0.01252115106	
nan	0.0202225184527	0.0667197026227	0.0371280580229	0.0124499735064	
nan	0.0185045715852	0.0601755721667	0.0268751397738	0.0127751117398	
nan	0.0185939511405	0.0592790535617	0.0329446544959	0.0106609500542	
nan	0.0183286010077	0.0615339337647	0.0363014570919	0.0115908853468	
nan	0.0177153718652	0.0624977432695	0.0329858337269	0.01079687025	
nan	0.0148531784003	0.0565541329039	0.0270210866445	0.00888003912827	
nan	0.0157375349799	0.0587342950584	0.0234427387565	0.00951729131264	
nan	0.0149580952471	0.0569820054206	0.0223637019746	0.00835459183146	
nan	0.0136938996349	0.0587919638001	0.0343303873599	0.00875125005989	
nan	0.0136635242389	0.0531707789214	0.0232438944681	0.00866473656959	
nan	0.0134191759228	0.0535800072157	0.0223774778874	0.00782249614832	
nan	0.0121913457705	0.0520839464779	0.0238165327026	0.00733724148815	
nan	0.0116904374279	0.0510838978389	0.0199150428764	0.00695619318647	
nan	0.0125615603401	0.0509694042007	0.0208325367126	0.00556507654693	
nan	0.0113757591124	0.0483654912169	0.0215694330877	0.00581874648168	
nan	0.0109971970403	0.0488168601446	0.0213754854354	0.00588968646787	
nan	0.0109471806944	0.0472253288373	0.0175728007129	0.00551101093369	
nan	0.0104594704166	0.0451117444493	0.018964908708	0.00490027877529	
nan	0.0102438199626	0.0438724322244	0.0170111568048	0.00528368249322	
nan	0.00935022370824	0.042717048048	0.0157874028336	0.00513311091136	
nan	0.0092710815335	0.0422051705827	0.0163937692166	nan	
nan	0.0087948697066	0.0417620579966	0.0197486988059	nan	
nan	0.00888527720179	0.0414184347378	0.0151467124885	nan	
nan	0.00888211298049	0.0413435798571	0.0143802397497	nan	
nan	0.00833478689817	0.0397936881707	0.0142399045116	nan	
nan	0.00824641523217	0.0394016727735	0.0146778116725	nan	
nan	0.00782918062612	0.0383748083242	0.0150448629124	nan	
nan	0.00769815458626	0.0377751153173	0.0129445272678	nan	
nan	0.00728198887154	0.0367554448182	0.0124305849866	nan	
nan	0.0071765124373	0.0361279194648	0.0127448480049	nan	
nan	0.00707638264669	0.0352715451463	0.0114787409285	nan	
nan	0.00696722764572	0.0347915338237	0.0110776490763	nan	
nan	0.00666945208942	0.0347280344169	0.0101913844393	nan	
nan	0.0066736260463	0.034107283354	0.0105087542949	nan	
nan	0.0065399095762	0.0338876579747	0.00960078096304	nan	
nan	0.00638841111712	0.033033402057	0.00927262561539	nan	
nan	0.00625980265105	0.0324113291165	0.00854695792206	nan	
nan	0.0060792305425	0.0319321456567	0.0090575045814	nan	
nan	0.00594252229462	0.0313875241355	0.00828344992346	nan	
nan	0.00581939103922	0.0305007346246	0.00790403164001	nan	
nan	0.00584441800051	0.0301429494912	0.00815748987757	nan	
nan	0.00570487495679	0.0299025624173	0.00779290902326	nan	
nan	0.00561306965665	0.0295884375404	0.00705710817749	nan	
nan	0.00552241081167	0.0292948211611	0.00696806475526	nan	
nan	0.00541752288607	0.0289200898458	0.00695303359704	nan	
nan	0.00534192692258	0.0284810119898	0.00626851165965	nan	
nan	0.00526161483429	0.0280370626637	0.00643984488105	nan	
nan	0.0051029607342	0.027464518935	0.00594244500476	nan	
nan	0.00499570345548	0.0269820788922	0.00598313480737	nan	
nan	0.00493631380102	0.0263605669171	0.00591396428705	nan	
nan	0.00489446346228	0.0259345695964	0.00588076125795	nan	
0.00393594044333	0.00484317114933	0.025770053959	0.00551432870377	nan	
0.00400611001644	0.00476988196578	0.0256120927298	0.00515073710263	nan	
0.00406391703819	0.00472653919787	0.0253763689415	0.00510801585094	nan	
0.00412333125027	0.0046486753336	0.0250186524401	0.00472896458669	nan	
0.00415836175241	0.0045640903746	0.0246019670201	0.0049031020067	nan	
0.00419275245857	0.00447618779897	0.024241912774	0.00456645670108	nan	
0.00422315976931	0.00440212001643	0.0237946407246	0.00431489249802	nan	
0.00424334070578	0.00429752276478	0.0233670263579	0.00441895636585	nan	
0.00425895580441	0.004222166307	0.0228928527551	0.0043649527324	nan	
0.00427405595726	0.00420222871694	0.0224984592966	0.00433516200121	nan	
0.00429001261927	0.00417078073897	0.0223945054878	0.00392031954986	nan	
0.00436687047515	0.00412007429247	0.0222252694126	0.00389431327862	nan	
0.00443711982697	0.00406040985427	0.0219838464269	0.00397361951245	nan	
0.00449536620289	0.00401156417657	0.0216936112885	0.00367401334518	nan	
0.00454239428803	0.00393868506968	0.0214059670977	0.00359574885144	nan	
0.00458416979532	0.00387054369121	0.0210611990828	0.00367677957213	nan	
0.00461714493415	0.0037973360888	0.0206973436617	0.00360076979699	nan	
0.0046410092642	0.00372241118656	0.0203122539771	0.00343691050629	nan	
0.00466189810311	0.0036616314189	0.0199051743156	0.00338916809005	nan	
0.0046758688955	0.00363867228208	0.0195968725718	0.00339141543667	nan	
0.00470177262005	0.00361067453669	0.0194890801386	0.00321466144486	nan	
0.00478590733493	0.0035710403132	0.0193343042391	0.00324151476499	nan	
0.00486036184149	0.00352873433513	0.0191365552312	0.00315755949002	nan	
0.00492459544248	0.00347643594094	0.0188966554915	0.00308642731126	nan	
0.00497653324936	0.00342070544347	0.0186292300561	0.00297856822053	nan	
0.00502218085589	0.0033621185504	0.0183354297214	0.00295484729624	nan	
0.00505744294697	0.00329898813958	0.0180176164409	0.00294337368791	nan	
0.00508846567908	0.0032312056258	0.0176787472263	0.00287601745601	nan	
0.00511048963576	0.0031785154925	0.0173337722213	0.00285706669288	nan	
0.00512774230037	0.00316232892631	0.0170616257977	0.00278222482364	nan	
0.00515334165479	0.00313736454234	0.0169755577867	0.00274027610082	nan	
0.00524864541727	0.00310463256906	0.0168432803883	0.00269540377257	nan	
0.00533058213734	0.00306572817537	0.0166724140259	0.00263845098516	nan	
0.00540058448787	0.00302246780324	0.0164642940879	0.00258938949715	nan	
0.0054599349535	0.0029743425506	0.0162306687029	0.0025109187638	nan	
0.0055086643264	0.00292257256633	0.0159730568443	0.00250634620279	nan	
0.00554916174637	0.00286743638493	0.015696325921	0.00249549447795	nan	
0.00558068356246	0.00281118684619	0.0154065087725	0.00245997611551	nan	
0.00560631964098	0.00276412892341	0.015102221955	0.00243758375127	nan	
0.00562476608684	nan	0.0148694786245	0.00237905948072	nan	
0.0056536745272	nan	0.0147973476276	0.00234566039422	nan	
0.00575909059278	nan	0.0146820525304	0.00230873256319	nan	
0.0058495396475	nan	0.0145302202795	0.00226077186285	nan	
0.00592645792348	nan	0.014349637863	0.00222405728053	nan	
0.00599140829692	nan	0.0141460278565	0.00217098101063	nan	
0.00604521058371	nan	0.0139218721878	0.00215614036026	nan	
0.00608939523574	nan	0.0136812008168	0.00213465155385	nan	
0.00612489027463	nan	0.0134273115791	0.00211659027054	nan	
0.00615267962803	nan	0.0131632605518	0.00209368002535	nan	
0.00617293839385	nan	0.0129632365281	0.00206194012372	nan	
0.00620578446395	nan	0.0128988255413	0.00202961961975	nan	
0.00632154331254	nan	0.012798170253	0.00199534665467	nan	
0.0064208378197	nan	0.0126670743266	0.00195878174157	nan	
0.00650505008085	nan	0.0125095465844	0.00192226300719	nan	
0.00657614734391	nan	0.0123319506409	0.0018817922153	nan	
0.00663530974966	nan	0.0121362427224	0.00186631816874	nan	
0.0066839723527	nan	0.01192633274	0.00185200940754	nan	
0.00672294616155	nan	0.011704924408	0.00183570300902	nan	
0.00675306414136	nan	0.0114743316529	0.00181534489601	nan	
0.00677552705057	nan	0.0113016989314	0.00178996194396	nan	
0.00681271592177	nan	0.0112457426931	0.00176177125877	nan	
0.00693974028677	nan	0.0111575587512	0.00173360964877	nan	
0.00704850824155	nan	0.0110429031507	0.00170191130422	nan	
0.00714094355392	nan	0.0109058867521	0.00166895656959	nan	
0.00721889065062	nan	0.0107505940771	0.00163450506853	nan	
0.00728382970752	nan	0.0105800459659	0.00162254867333	nan	
0.00733705628391	nan	0.0103970503631	0.00161194302491	nan	
0.00737973325275	nan	0.0102038902503	0.00159748190458	nan	
0.00741287978884	nan	0.0100026291077	0.00157865120829	nan	
0.00743733520341	nan	0.00985414814692	0.00155748941757	nan	
0.00747947969763	nan	0.00980484095382	0.00153380466008	nan	
0.00761879199822	nan	0.00972781407347	0.00150850566046	nan	
0.00773799311188	nan	0.009627596548	0.00148184455949	nan	
0.00783939301822	nan	0.00950802693237	0.00145295454233	nan	
0.00792483453552	nan	0.00937247593118	0.00142351822012	nan	
0.00799598855903	nan	0.00922365988582	0.0014131618716	nan	
0.00805428804585	nan	0.00906394589339	0.00140392134598	nan	
0.00810101417182	nan	0.00889545677079	0.00139109366864	nan	
0.0081372756057	nan	0.00871993300318	0.00137529885629	nan	
0.0081640821014	nan	0.00859195632183	0.00135686526379	nan	
0.00821171969422	nan	0.00854870609691	0.00133649252453	nan	
0.00836446484187	nan	0.00848129661454	0.00131429524289	nan	
0.00849516763763	nan	0.0083937240237	0.00129075354981	nan	
0.0086062965221	nan	0.00828933088434	0.00126610593917	nan	
0.00869993535414	nan	0.00817100000395	0.00124031689303	nan	
0.00877790693922	nan	0.00804113739964	0.00123143037502	nan	
0.00884178484282	nan	0.00790181119792	0.00122358145824	nan	
0.00889296782918	nan	0.00775481986837	0.00121242765433	nan	
0.00893266327363	nan	0.00760171204211	0.00119864582102	nan	
0.00896196501905	nan	0.00749140622556	0.00118267251765	nan	
0.00901581341478	nan	0.00745346471446	0.00116482204318	nan	
0.00918325328687	nan	0.00739450048758	0.00114546790481	nan	
0.00932655599468	nan	0.00731796980657	0.00112495672754	nan	
0.00944834401042	nan	0.00722681873654	0.00110341784188	nan	
0.00955096665597	nan	0.007123516974	0.00108106454313	nan	
0.00963639091754	nan	0.00701017552158	0.00107344613442	nan	
0.00970637747569	nan	0.00688861491953	0.0010665087248	nan	
0.0097624233797	nan	0.00676037919066	0.00105684461942	nan	
0.00980587080604	nan	0.00662682374283	0.00104479968629	nan	
0.00983792525719	nan	0.00653176360663	0.0010309013244	nan	
0.00989872199852	nan	0.00649847188448	0.00101534264636	nan	
0.010082300077	nan	0.00644687426484	0.000998487841636	nan	
0.0102393660299	nan	0.00637999819378	0.000980568955952	nan	
0.0103728486208	nan	0.00630039110849	0.000961783862156	nan	
0.0104853002734	nan	0.00621021016434	0.00094230876304	nan	
0.0105789089693	nan	0.00611129319883	0.000935799069863	nan	
0.0106555731194	nan	0.00600522110518	0.00092974396841	nan	
0.0107169521269	nan	0.00589334590497	0.000921273897806	nan	
0.0107645138204	nan	0.00577684029301	0.00091078576997	nan	
0.0107995666833	nan	0.00569492243128	0.000898626907042	nan	
0.0108681690832	nan	0.00566570473957	0.000885068737398	nan	
0.0110694150193	nan	0.00562055320455	0.000870365440689	nan	
0.0112415687613	nan	0.00556210506978	0.00085473719248	nan	
0.0113878684352	nan	0.00549257619471	0.000838339887446	nan	
0.011511096504	nan	0.00541384454917	0.000821355706594	nan	
0.0116136574197	nan	0.00532751178007	0.00081580625894	nan	
0.0116976364097	nan	0.00523495034282	0.000810504670191	nan	
0.0117648542734	nan	0.00513734245243	0.000803103453993	nan	
0.0118169166123	nan	0.00503570560862	0.000793936772609	nan	
0.0118552572684	nan	0.00496511680383	0.000783317171181	nan	
0.0119326109011	nan	0.00493946738041	0.000771480826617	nan	
0.0121532149466	nan	0.00489995058469	0.000758649282811	nan	
0.0123419051924	nan	0.00484886095692	0.000745005597108	nan	
0.0125022390462	nan	0.00478812666277	0.000730705144848	nan	
0.0126372750293	nan	0.00471938413118	0.000715888411751	nan	
0.0127496479077	nan	0.0046440273446	0.000711158198291	nan	
0.0128416404249	nan	0.00456325088914	0.000706512002278	nan	
0.0129152513398	nan	0.00447808340701	nan	nan	
0.0129722404571	nan	0.00438941166465	nan	nan	
0.0130141754659	nan	0.00432858409033	nan	nan	
0.0131013359502	nan	0.00430605732014	nan	nan	
0.0133431538837	nan	0.00427146225429	nan	nan	
0.0135499635623	nan	0.00422679472873	nan	nan	
0.0137256769034	nan	0.00417373407765	nan	nan	
0.0138736507405	nan	0.00411370395169	nan	nan	
0.0139967703967	nan	0.00404791826627	nan	nan	
0.0140975410316	nan	0.00397741721641	nan	nan	
0.0141781518083	nan	0.00390309598407	nan	nan	
0.0142405329315	nan	0.0038257269005	nan	nan	
0.0142864001934	nan	0.0037733055638	nan	nan	
0.0143845468303	nan	0.00375350804953	nan	nan	
0.0146496077753	nan	0.00372320784665	nan	nan	
0.0148762726996	nan	0.00368414192561	nan	nan	
0.0150688394767	nan	0.0036377720839	nan	nan	
0.0152309868879	nan	0.00358533736332	nan	nan	
0.0153658798817	nan	0.00352789461378	nan	nan	
0.0154762636869	nan	0.00346634939819	nan	nan	
0.015564539308	0.00219083438743	0.00340148094071	nan	nan	
0.0156328215204	0.00220927824622	0.00333396180845	nan	nan	
0.0156829902685	0.00224931348717	0.00328877443899	nan	nan	
0.0157934356617	0.00228354809942	0.00327135621309	nan	nan	
0.0160839657318	0.00231261679324	0.00324479848671	nan	nan	
0.0163323870733	0.00233707278579	0.00321061292804	nan	nan	
0.0165434192013	0.00235739379928	0.00317007172939	nan	nan	
0.0167210951977	0.00237399523547	0.00312425346372	nan	nan	
0.0168688844203	0.00238724104086	0.00307407796298	nan	nan	
0.0169897965523	0.00239745307008	0.00302033358429	nan	nan	
0.0170864637266	0.00240492252412	0.00296369863107	nan	nan	
0.0171612042656	0.00242557856584	0.00290475871099	nan	nan	
0.0172160773459	0.00246947018713	0.00286578906535	nan	nan	
0.0173402848306	0.00250699527296	0.00285043686747	nan	nan	
0.0176587208566	0.00253885418863	nan	nan	nan	
0.017930980736	0.00256565420706	nan	nan	nan	
0.0181622434729	0.00258791925144	nan	nan	nan	
0.0183569307873	0.00260610477043	nan	nan	nan	
0.0185188454735	0.00262060972443	nan	nan	nan	
0.018651287091	0.00263178667573	nan	nan	nan	
0.0187571410644	0.00263995334067	nan	nan	nan	
0.0188389486853	0.00266307762281	nan	nan	nan	
0.0188989660718	0.00271119329068	nan	nan	nan	
0.0190385650671	0.0027523230336	nan	nan	nan	
0.019387574809	0.00278723851856	nan	nan	nan	
0.0196859514833	0.00281660600855	nan	nan	nan	
0.019939376736	0.00284100009545	nan	nan	nan	
0.0201526975432	0.00286092011292	nan	nan	nan	
0.0203300823895	0.00287680338092	nan	nan	nan	
0.0204751482663	0.00288903612937	nan	nan	nan	
0.0205910582095	0.00289796537861	nan	nan	nan	
0.0206805980599	0.00292384239164	nan	nan	nan	
0.0207462399335	0.00297658473275	nan	nan	nan	
0.0209030435631	0.00302166309145	nan	nan	nan	
0.0212855441808	0.00305992659309	nan	nan	nan	
0.0216125287156	0.00309210609686	nan	nan	nan	
0.0218902283345	0.00311883161515	nan	nan	nan	
0.022123955755	0.00314065058001	nan	nan	nan	
0.0223182800768	0.00315804238127	nan	nan	nan	
0.0224771659809	0.00317143018673	nan	nan	nan	
0.022604080835	0.00318119325273	nan	nan	nan	
0.022702078376	0.00321013879833	nan	nan	nan	
0.0227738676344	0.00326794819419	nan	nan	nan	
0.0229498904105	0.00331735124195	nan	nan	nan	
0.0233690668748	0.00335928136829	nan	nan	nan	
0.0237273784478	0.00339454009612	nan	nan	nan	
0.0240316571714	0.00342381815077	nan	nan	nan	
0.0242877256552	0.00344771564949	nan	nan	nan	
0.024500591667	0.00346675807134	nan	nan	nan	
0.0246746008104	0.00348140911009	nan	nan	nan	
0.0248135537656	0.0034920834793	nan	nan	nan	
0.0249207978327	0.00352444761046	nan	nan	nan	
0.0249993017572	0.00358780492639	nan	nan	nan	
0.0251967767127	0.00364194313808	nan	nan	nan	
0.0256560971052	0.00368788754591	nan	nan	nan	
0.0260486957393	0.00372651698532	nan	nan	nan	
0.0263820614783	0.00375858863669	nan	nan	nan	
0.0266625749255	0.0037847603294	nan	nan	nan	
0.0268957240375	0.00380560803685	nan	nan	nan	
0.0270862714468	0.00382163987532	nan	nan	nan	
0.0272383828159	0.00383330953536	nan	nan	nan	
0.0273557269573	0.00386947944124	nan	nan	nan	
0.0274415571709	0.00393890834454	nan	nan	nan	
0.0276629506661	0.00399822856394	nan	nan	nan	
0.0281661753464	0.00404856556157	nan	nan	nan	
0.0285962691089	0.00409088272884	nan	nan	0.00030942625018	
0.0289614384038	0.00412600998039	nan	nan	0.000310403612578	
0.0292686740032	0.00415466832367	nan	nan	0.000313207426667	
0.0295239890944	0.00417748902743	nan	nan	0.000318801279651	
0.0297326025581	0.00419502888001	nan	nan	0.000323601574572	
0.0298990794251	0.00420778436539	nan	nan	0.000327681347762	
0.0300274403963	0.00424818685503	nan	nan	0.000331115200827	
0.0301212503185	0.00432425525081	nan	nan	0.000333969210688	
0.0303692715632	0.00438924182563	nan	nan	0.000336301492612	
0.0309204502475	0.00444438124416	nan	nan	0.000338163570832	
0.0313914919043	0.00449072931881	nan	nan	0.00033960226843	
0.0317913860326	0.00452919550781	nan	nan	0.000340665999194	
0.0321277897776	0.00456056993352	nan	nan	0.000343799428807	
0.0324072901368	0.0045855443749	nan	nan	0.000349941888901	
0.0326356045531	0.00460472890598	nan	nan	0.000355207582979	
0.0328177345739	0.0046186669419	nan	nan	0.000359681212437	
0.0329580855923	0.00466376995797	nan	nan	0.00036344543235	
0.0330605631898	0.00474708957343	nan	nan	0.000366572991054	
0.0333381624977	0.00481826387263	nan	nan	0.000369127702502	
0.033941608535	0.00487864649396	nan	nan	0.000371165998961	
0.034457272107	0.00492939414918	nan	nan	0.000372738861308	
0.0348949954371	0.00497150318474	nan	nan	0.000373897635827	
0.0352631619289	0.00500583924508	nan	nan	0.000377398984974	
0.0355689842144	0.00503316024921	nan	nan	0.000384140903705	
0.0358187235146	0.00505413454005	nan	nan	0.000389915824989	
0.0360178576163	0.00506935692621	nan	nan	0.000394820537581	
0.0361712117295	0.00511966901523	nan	nan	0.000398946396352	
0.0362830634236	0.00521089148893	nan	nan	0.000402373417289	
0.0365934080649	0.00528880833317	nan	nan	0.000405171644617	
0.0372536306651	0.00535490258677	nan	nan	0.000407402894012	
0.0378177509824	0.00541044089949	nan	nan	0.000409122740774	
0.0382965366439	0.00545651434372	nan	nan	0.000410385940972	
0.0386991599327	0.0054940709321	nan	nan	0.000414297603791	
0.0390335134468	0.00552394074529	nan	nan	0.00042169479489	
0.0393064496833	0.00554685572783	nan	nan	0.000428026938547	
0.0395239644773	0.00556346685534	nan	nan	0.00043340346887	
0.0396913398815	0.0056195326792	nan	nan	0.00043792516399	
0.0398132584411	0.00571933925571	nan	nan	0.000441679965637	
0.0401596663796	0.00580457771706	nan	nan	0.0004447447312	
0.0408812274397	0.00587687140179	nan	nan	0.00044718717877	
0.0414976733614	0.00593760635464	nan	nan	0.000449067956623	
0.0420207703728	0.00598797659362	nan	nan	0.000450445724991	
0.0424605430181	0.00602901969324	nan	nan	0.000454814579934	
0.0428256190965	0.00606164423412	nan	nan	0.000462928159862	
0.0431234908545	0.00608665138368	nan	nan	0.000469869978122	
0.0433607149798	0.00610475331761	nan	nan	0.000475762810757	
0.0435430683807	0.00616714181208	nan	nan	0.000480717665619	
0.043675672521	0.00627622160978	nan	nan	0.00048483113108	
0.0440614696451	0.00636936575702	nan	nan	0.000488187517236	
0.0448487082306	0.00644834888879	nan	nan	0.000490861012623	
0.0455211394667	0.00651468602352	nan	nan	0.000492917855124	
0.0460915971855	0.00656968248536	nan	nan	0.0004944211321	
0.0465710185564	0.00661447275483	nan	nan	0.000499298932536	
0.0469688196403	0.00665005040348	nan	nan	0.000508195605472	
0.0472931793337	0.00667729159317	nan	nan	0.000515804252067	
0.0475512568475	0.00669697487549	nan	nan	0.000522261824639	
0.0477493611425	0.00676625411988	nan	nan	0.000527690449545	
0.0478930859636	0.00688526235302	nan	nan	0.000532196153035	
0.0483213278207	0.00698686436288	nan	nan	0.000535871394703	
0.0491778569323	0.00707299646534	nan	nan	0.000538797452727	
0.0499092805477	0.00714531178455	nan	0.000513296670646	0.000541046714275	
0.050529556423	0.00720523498835	nan	0.000515103725299	0.000542687248627	
0.0510505848546	0.00725400457369	nan	0.000516373388932	0.000548130957638	
0.0514826154405	0.00729270542526	nan	0.000526130333083	0.000557883185236	
0.0518345543974	0.0073222943491	nan	0.000534641865842	0.00056622065899	
0.052114200079	0.0073436213591	nan	0.00054188751973	0.000573295471871	
0.0523284265567	0.00742030998999	nan	0.000548004631846	0.000579241843131	
0.05248332979	0.00754979169492	nan	0.000553111490774	0.000584176098925	
0.0529562896896	0.00766030460945	nan	0.000557310624765	0.000588199606579	
0.0538841112789	0.00775395522568	nan	0.000560691595381	0.000591401405621	
0.0546761021256	0.00783254242817	nan	0.000563333265832	0.000593860637709	
0.0553473728712	0.00789761709778	0.00220980773213	0.000565305915367	0.000595650942757	
0.0559108156807	0.00795052792171	0.00222771581153	0.000566689633857	0.000601722935853	
0.0563775413906	0.00799245665988	0.00224223896007	0.000577472243834	0.000612408873352	
0.0567572098134	0.00802444578814	0.00225370526244	0.00058678496523	0.000621541951201	
0.0570582831319	0.00804742134895	0.00226240482829	0.000594711292113	0.000629290491266	
0.057288223584	0.0081318996741	0.0022685983798	0.000601401716713	0.000635801863892	
0.0574536508083	0.00827215559144	0.00229432518722	0.000606985747127	0.000641203627467	
0.0579719201221	0.00839181514005	0.0023328370864	0.000611575616621	0.000645606876575	
0.0589699259655	0.00849315938658	0.00236566515027	0.000615269354593	0.000649109136926	
0.0598213056664	0.00857813736216	0.00239343220235	0.000618153255863	0.000651796956006	
0.0605423000992	0.00864843038568	0.00241667317903	0.000620304115816	0.00065375016832	
0.0611467805114	0.00870550134014	0.00243585055758	0.000621842267823	0.000660518161313	
0.0616467127547	0.00875063262281	0.00245136738637	0.00063371206172	0.000672221145373	
0.0620525084313	0.00878495589444	0.00246357753521	0.000643889977879	0.000682220920062	
0.0623732947176	0.00880947650993	0.00247279398763	0.00065255096349	0.000690703233793	
0.0626171251686	0.0089018310293	0.00247929753241	0.000659859686324	0.000697829742528	
0.0627911475641	0.00905269041012	0.00250706324239	0.000665957772234	0.000703740234361	
0.0633521315768	0.00918131475431	0.00254802479157	0.00067096794882	0.000708556407447	
0.0644136851693	0.00929015635514	0.00258290416313	0.000674997410514	0.000712385048911	
0.0653183886749	0.00938131252994	0.00261236418247	0.000678140503919	0.000715320806948	
0.0660835013621	0.00945659415104	0.00263697456142	0.000680481099851	0.00071745036886	
0.0667237883675	0.00951757806774	0.00265722843542	0.000682268459255	0.000724986816222	
0.0672520047014	0.00956564752608	0.00267355604694	0.000695229997049	0.000737794032219	
0.0676792622094	0.0096020238787	0.00268633549395	0.000706333796659	0.000748734726353	
0.0680153122782	0.0096277925029	0.00269590139424	0.00071578027279	0.000758013353656	
0.0682687672046	0.0097275573054	0.0027025536267	0.000723749239118	0.000765807047812	
0.0684472766796	0.00988801139964	0.00273196687683	0.000730395300235	0.00077226887443	
0.0690428516667	0.0100246776948	0.00277476503878	0.00073585244019	0.000777532056833	
0.0701521762901	0.0101401629595	0.00281114554812	0.000740237695807	0.000781713459345	
0.0710960571797	0.0102367000364	0.00284180150325	0.000743654071076	0.000784916561813	
0.0718925187287	0.0103162194773	0.00286732968646	0.000746193060194	0.000787235590573	
0.072557018829	0.0103804043625	0.0028882476725	0.000748260909623	0.000795616102371	
0.0731029394804	0.0104307326619	0.00290500781066	0.000762369607388	0.000809615784371	
0.0735419602832	0.0104685105259	0.00291800821759	0.000774449424539	0.000821572272806	
0.0738843473234	0.0104948994179	0.00292760162881	0.000784722676132	0.000831710040417	
0.0741391801784	0.0106006560538	0.00293410405992	0.000793385126574	0.00084022290974	
0.0743145333562	0.0107683105112	0.00296436354095	0.000800605088983	0.000847278291128	
0.0749278025239	0.0109108704877	0.00300784834299	0.000806528461157	0.000853021874464	
0.0760552773273	0.0110310591968	0.00304470408469	0.000811282714891	0.000857581436644	
0.0770119270336	0.0111312147755	0.00307563673491	0.00081498004768	0.000861070038386	
0.0778160877779	0.0112133630525	0.00310125604413	0.000817720066858	0.000863590144865	
0.0784835427509	0.0112792733813	0.00312209242077	0.000820091962135	0.000872890132607	
0.0790279989631	0.0113305019438	0.00313861065309	0.00083538026194	0.00088816618834	
0.0794614525701	0.0113684258867	0.00315122073754	0.000848462954404	0.000901209254465	
0.0797944731488	0.0113942711218	0.00316028661284	0.000859583490246	0.000912265070003	
0.0800364282733	0.0115031003838	0.00316613451314	0.000868954023878	0.000921545303169	
0.0801956637882	0.011673461747	0.00319587054661	0.000876757011932	0.000929232735999	
0.0807973888015	0.0118179075362	0.00323817783986	0.000883150682669	0.00093548643681	
0.0818949908053	0.0119392092276	0.00327384790673	0.000888273336648	0.00094044590872	
0.0828216409292	0.0120397549309	0.00330357311955	0.000892246734718	0.00094423452602	
0.0835952983129	0.0121216202375	0.00332795436255	0.000895178946043	0.000946963676537	
0.0842315036074	0.0121866228755	0.00334751663201	0.000897866729561	0.000957251876302	
0.0847438149814	0.0122363653449	0.00336272174596	0.000914316945376	0.000973874079895	
0.085144145487	0.0122722686957	0.00337397844552	0.000928384540119	0.00098806177113	
0.0854430279117	0.0122956000801	0.00338165058421	0.000940333065289	0.00100008297543	
0.0856498256507	0.0124024920095	0.00338606484468	0.000950390807496	0.00101016817668	
0.0857729031296	0.0125682755273	0.00341326457072	0.000958754234407	0.00101851640667	
0.0863195292041	0.0127081175554	0.00345177305746	0.000965593853585	0.00102530090423	
0.0873197490282	0.0128247341026	0.00348391877472	0.000971058797668	0.00103067361473	
0.0881561842845	0.0129204776422	0.00351034665803	0.000975280431202	0.00103476887773	
0.0888455387803	0.0129974020171	0.00353162023718	0.000978375352523	0.00103770761642	
0.0894023716368	0.0130573129626	0.00354823487271	0.000981367829979	0.00104903425227	
0.0898394645112	0.0131018078581	0.00356062864001	0.000998872304686	0.00106704100398	
0.0901681096871	0.0131323074597	0.0035691910772	0.00101382720159	0.00108240344114	
0.0903983390441	0.0131500819025	0.00357427034147	0.00102651387236	0.00109541238231	
0.090539108411	0.0132476408226	0.00357617990912	0.00103717526477	0.00110631768018	
0.0905984479787	0.0133986038132	0.00359835380795	0.00104602072982	0.00111533515596	
0.0910351302864	0.013524704503	0.0036299734478	0.00105323217649	0.00112265273313	
0.0918584335529	0.0136284708977	0.00365582888638	0.00105896887808	0.00112843528416	
0.0925334642733	0.0137121082342	0.00367648325585	0.00106337125329	0.0011328285708	
0.0930747830253	0.013777553744	0.00369243294712	0.00106656399091	0.00113596349536	
0.0934951977741	0.013826519851	0.00370411772269	0.00106980769352	0.0011483395964	
0.0938060431775	0.0138605285752	0.00371192916983	0.0010881097804	0.00116770872092	
0.0940174036946	0.0138809392937	0.00371621760166	0.00110372268958	0.00118422235859	
0.0941382938324	0.0138889716749	0.00371729777792	0.00111694101905	0.00119819364505	
0.0941768053996	0.0139679954528	0.00371545427187	0.00112801896919	0.00120989155568	
0.0941402292369	0.0140920661966	0.00373015857764	0.00113717604373	0.00121954858596	
0.0944116600586	0.0141936200431	0.00375205482818	0.0011446033332	0.00122736731481	
0.0949851520515	0.0142748626287	0.00376907078112	0.00115046842459	0.00123352557074	
0.0954332023272	0.0143377354434	0.00378166352465	0.00115491927102	0.00123818060738	
0.0957676079698	0.0143839575603	0.00379024012893	0.00115808737669	0.0012414734151	
0.0959988568128	0.0144150591431	0.00379516453613	0.00116145733178	0.00125483645531	
0.0961363173905	0.0144324085653	0.00379676345292	0.00118007479471	0.001275438094	
0.0961883939908	0.0144372346113	0.00379533125576	0.00119591671216	0.00129298414773	
0.0961626544538	0.0144306450373	0.00379113412755	0.00120928310284	0.00130780788343	
0.0960659364764	0.0144820175645	0.00378441397726	0.00122043324405	0.00132019575649	
0.095904436898	0.0145681260635	0.00378999685948	0.00122959174384	0.00133039566853	
0.095971280729	0.0146351762109	0.00380050812425	0.0012369546931	0.00133862386146	
0.0962522829779	0.0146849568748	0.00380718236173	0.0012426944904	0.00134507033494	
0.0964347279208	0.0147190592717	0.00381036450447	0.00124696366075	0.00134990320981	
0.0965275015998	0.0147389053978	0.00381036505589	0.00124989799638	0.00135327307209	
0.096538591693	0.0147457713625	0.00380746430721	0.00125315997163	0.00136743389133	
0.0964752037882	0.0147408066479	0.00380191604352	0.00127131115488	0.00138896011583	
0.0963438586339	0.0147250501576	0.00379395069796	0.00128668693688	0.0014072622952	
0.0961504741005	0.0146994438438	0.00378377806461	0.00129958108158	0.00142268892041	
0.0959004346928	0.0147168929337	0.00377158991096	0.00131024846008	0.00143554004416	
0.0955986510797	0.0147585530428	0.00376774936026	0.00131891090642	0.0014460758418	
0.095451004588	0.0147852330513	0.00376694192036	0.00132576289213	0.00145452365676	
0.0954412444105	0.0147982818452	0.00376333696844	0.00133097600984	0.00146108354095	
0.0953596641129	0.0147989124487	0.00375717858818	0.0013347025477	0.00146593271277	
0.0952125410331	0.0147882194637	0.00374868871871	0.00133707843772	0.00146922986798	
0.095005576403	0.0147671937353	0.00373806953167	0.00133985459082	0.00148380013531	
0.0947439610004	0.0147367347236	0.00372550558118	0.00135644174757	0.00150567322368	
0.0944324314321	0.0146976610199	0.0037111656756	0.00137037307274	0.00152421620778	
0.0940753186397	0.0146507194394	0.00369520452059	0.00138192136611	0.00153978403314	
0.093676589876	0.0146329450737	0.00367776433277	0.00139132483863	0.00155268324797	
0.0932398853336	0.0146304171981	0.00366556520221	0.00139879217861	0.00156318045903	
0.0928993541064	0.0146169697756	0.00365506450479	0.00140450738055	0.00157150924595	
0.0926405503077	0.0145935566379	0.00364267205528	0.0014086336059	0.0015778756182	
0.0923331878473	0.0145610443432	0.00362855193186	0.00141131629471	0.00158246241389	
0.0919814804964	0.0145202220432	0.00361285459268	0.00141268575046	0.00158543346251	
0.0915892885696	0.014471809986	0.00359571815359	0.00141445310143	0.00159974803938	
0.0911601544234	0.014416466851	0.00357726957535	0.00142818512816	0.00162103146236	
0.0906973333727	0.0143547961107	0.0035576257194	0.00143951662424	0.00163898090673	
0.0902038210826	0.0142873516364	0.00353689429246	0.00144868474669	0.0016539444439	
0.0896823775385	0.0142381852486	0.00351517479289	0.00145589841334	0.00166622412707	
0.0891355484317	0.0141978131792	0.00349657329628	0.0014613421834	0.00167608381327	
0.0886456932622	0.0141500575506	0.00347886922335	0.00146517997551	0.00168375556666	
0.0882016862854	0.0140955591635	0.00345998426013	0.00146755809008	0.00168944474822	
0.0877273555987	0.014034905206	0.00344002447431	0.00146860768156	0.0016933341397	
0.0872254222371	0.013968634578	0.00341908775397	0.00146844683619	0.00169558779284	
0.0866983953589	0.0138972425852	0.00339726448455	0.00146860845266	0.00170866697591	
0.0861485912733	0.0138211850717	0.00337463819221	0.00147830483327	0.00172804389167	
0.0855781500577	0.0137408820738	0.00335128612635	0.00148597388543	0.00174422499782	
0.0849890506563	0.0136567210968	0.00332727978957	0.00149180708655	0.00175753446071	
0.0843831243103	0.0135834201905	0.00330268547773	0.00149597489579	0.00176825550642	
0.0837620667156	0.0135149176115	0.00327990554922	0.00149862937061	0.00177663705864	
0.0831742924966	0.0134418053553	0.00325760901909	0.00149990673073	0.00178289922063	
0.0826119837245	0.0133644974694	0.00323464624646	0.00149992948619	0.0017872376817	
0.0820325423283	0.0132833758415	0.00321108371093	0.00149880821043	0.00178982732014	
0.0814376724192	0.0131987930283	0.00318698302764	0.00149664305401	0.00179082554727	
0.0808289524268	0.0131110747975	0.00316240130917	0.00149468495222	0.00180145393842	
0.0802078451576	0.0130205224067	0.00313739151522	0.00149965683135	0.00181737219985	
0.079575706913	0.0129274146508	0.00311200277378	0.00150303852797	0.00183039563953	
0.0789337957188	0.0128320097274	0.00308628067723	0.001504973726	0.00184080723814	
0.0782832788897	0.0127429316338	0.00306026758802	0.00150559176064	0.00184885642152	
0.0776252397097	0.0126564819729	0.00303532791664	0.00150500918842	0.00185476413026	
0.0769873025583	0.0125674302325	0.00301068778635	0.00150333138057	0.00185872707548	
0.0763642962398	0.0124760358351	0.00298573085508	0.0015006538768	0.00186092121365	
0.0757331097698	0.012382539099	0.0029604976415	0.00149706353704	0.0018615046257	
0.0750947812667	0.012287162751	0.00293502577971	0.0014926395431	0.0018606201964	
0.0744502745287	0.0121901133072	0.00290935021675	0.00148831438243	0.00186759916814	
0.0738004844667	0.0120915823286	0.00288350340542	0.00148859090688	0.0018786351963	
0.0731462420348	0.0119917475644	0.00285751548324	0.00148771006004	0.0018872206296	
0.0724883188286	0.0118907740065	0.00283141443915	0.00148577298305	0.00189358509395	
0.0718274313849	0.0117935668122	0.00280522628702	0.00148287166331	0.00189793307885	
0.0711642450934	0.0116979401664	0.00277971090094	0.00147908979818	0.00190044738873	
0.0705142128855	0.0116010743282	0.00275442696571	0.00147450370807	0.00190129210786	
0.0698740472923	0.01150312738	0.00272905063053	0.00146918313106	0.00190061506892	
0.0692314497358	0.0114042460871	0.00270360584505	0.00146319191354	0.00189854993401	
0.0685870338966	0.0113045667216	0.00267811485066	0.00145658862261	0.00189521815117	
0.0679413693438	0.0112042158237	0.00265259829065	0.00145001536993	0.00189773011994	
0.0672949847592	0.0111033108999	0.00262707531851	0.00144626900497	0.00190304959965	
0.0666483705343	0.0110019610671	0.00260156369907	0.00144174043365	0.00190644259202	
0.0660019817098	0.0109002676448	0.00257607990348	0.00143649734683	0.00190808232693	
0.0653562400698	0.0108009663247	0.00255063920834	0.00143060184464	0.00190812474036	
0.0647115364127	0.0107027913861	0.00252565936412	0.00142411088995	0.00190671058442	
0.0640764011164	0.0106042524087	0.00250089152858	0.00141707680696	0.00190396729082	
0.063448795561	0.0105054428247	0.00247616746669	0.00140954772487	0.00190001055733	
0.0628222473762	0.0104064493698	0.00245150076883	0.00140156797108	0.00189494571181	
0.0621971047762	0.0103073525421	0.00242690401673	0.00139317842661	0.00188886901568	
0.0615736901915	0.010208227028	0.00240238884616	0.00138479410775	0.00188675423091	
0.0609523018507	0.0101091420975	0.00237796600864	0.00137805105673	0.00188639050552	
0.0603332150672	0.0100101619708	0.00235364542945	0.00137081906719	0.0018846223369	
0.0597166844094	0.00991134616168	0.00232943626228	0.00136314175309	0.00188157227235	
0.0591029442205	0.00981420061593	0.00230534694635	0.00135505938848	0.00187735174117	
0.05849221071	0.00971800115303	0.00228160504073	0.00134660914372	0.0018720622425	
0.0578891472859	0.0096219687703	0.00225807095474	0.00133782535307	0.00186579642566	
0.0572925061839	0.00952615649161	0.00223465763156	0.00132873975736	0.00185863903097	
0.0566988971493	0.00943061338999	0.0022113723032	0.00131938172278	0.00185066771547	
0.056108505497	0.00933538484699	0.0021882216101	0.00130977844181	0.00184195385753	
0.0555215016868	0.00924051279568	0.00216521163728	0.00130018581679	0.00183572516994	
0.0549380416713	0.00914603594689	0.00214234794999	0.00129151968422	0.00183049423213	
0.054358268385	0.00905199000029	0.00211963562722	0.00128257634545	0.00182431359706	
0.0537823123144	0.00895840784319	0.00209707929345	0.00127338307636	0.00181726562403	
0.0532102919756	0.0088661107372	0.00207468315176	0.00126396517355	0.00180942583697	
0.0526423153828	0.0087746865551	0.00205257018401	0.00125434607974	0.00180086356218	
0.0520809092214	0.00868372983058	0.00203066208306	0.00124454752813	0.00179164252447	
0.0515253132894	0.00859326879036	0.00200891361386	0.00123458967519	0.00178182137756	
0.0509737481816	0.00850332934534	0.00198732818183	0.00122449122214	0.00177145417854	
0.0504263017233	0.00841393523944	0.00196590884967	0.00121426952794	0.00176059085943	
0.0498830527738	0.00832510818964	0.00194465835845	0.00120407718662	0.00175120507907	
0.0493440719548	0.00823686801685	0.00192357914824	0.00119441153497	0.00174235665344	
0.0488094220338	0.00814923276848	0.00190267337768	0.00118461221268	0.00173291535007	
0.0482791584816	0.00806221883416	0.00188194294244	0.0011746958257	0.00172293440029	
0.0477533304331	0.00797627043179	0.00186138949445	0.00116467780874	0.00171246293169	
0.0472319805276	0.00789115291683	0.00184107891019	0.00115457249389	0.00170154630565	
0.0467164638331	0.00780665463038	0.0018209670272	0.00114439318975	0.00169022644025	
0.0462063139207	0.00772278887723	0.00180102999831	0.00113415225509	0.00167854210276	
0.0457005887322	0.00763956762111	0.00178126898138	0.00112386116686	0.00166652917571	
0.0451993192883	0.00755700157096	0.00176168493982	0.00111353058413	0.00165422092585	
0.0447025295679	0.00747510026209	0.00174227865484	0.00110324935971	0.00164277295115	
0.0442102406476	0.00739387213232	0.00172305073756	0.00109328213027	0.00163161736154	
0.0437224687751	0.0073133245935	0.00170400164032	0.00108327336792	0.00162012718538	
0.0432392254209	0.00723346409904	0.00168513166749	0.00107323288824	0.00160833578231	
0.0427605191608	0.00715452868258	0.00166644098661	0.00106316981387	0.00159627407199	
0.04228635459	0.00707638387325	0.00164796444288	0.00105309261323	0.00158397071441	
0.0418174473093	0.00699891788074	0.00162967683899	0.00104300914475	0.00157145228534	
0.041353506479	0.00692213524559	0.00161156523291	0.00103292669832	0.00155874343754	
0.0408940241375	0.00684603974767	0.00159362950647	0.00102285203395	0.00154586704935	
0.0404389982087	0.00677063445622	0.00157586943493	0.00101279141823	0.00153284437684	
0.0399884233667	0.0066959217771	0.00155828469419	0.00100279566696	0.00152033221939	
0.0395422912557	0.0066219034971	0.00154087486771	0.000993003656009	0.00150799801408	
0.0391005924514	0.00654858082563	0.00152363945312	0.00098322608193	0.00149550458509	
0.0386633134024	0.00647595443415	0.00150657786853	0.000973468522683	0.00148287226363	
0.0382304405965	0.00640415016748	0.00148968945892	0.000963736147169	0.00147011993418	
0.0378019573544	0.00633308989068	0.00147299227989	0.000954033737589	0.00145726513295	
0.0373782322914	0.00626271313328	0.00145647166837	0.000944365714585	0.00144432414454	
0.0369590782951	0.00619301946003	0.00144012025342	0.000934736160951	0.00143131209178	
0.0365442141372	0.00612400801891	0.0014239372302	0.000925148843814	0.00141824301937	
0.0361336177001	0.00605567757011	0.00140792173897	0.00091560723569	0.00140512998017	
0.0357272691868	0.00598802651346	0.00139207286928	0.000906139944569	0.00139233902102	
0.0353251448244	0.00592105291412	0.00137638966393	0.000896819085269	0.0013796792068	
0.0349272216772	0.00585475452684	0.00136087112284	0.000887544409228	0.00136697277968	
0.0345334728383	0.0057891288188	0.00134551620656	0.00087831889606	0.001354231757	
0.0341438732552	0.00572424086655	0.00133032384006	0.000869145285372	0.00134146729937	
0.0337583957987	0.00566004421748	0.00131530304151	0.000860026089889	0.00132868976566	
0.0333772210503	0.00559650481467	0.0013004450188	0.000850963609926	0.00131590876724	
0.0330002248491	0.00553361954484	0.00128574527311	0.000841959947084	0.00130313321873	
0.0326272421249	0.00547138508008	0.00127120266455	0.000833017017108	0.00129037138564	
0.0322582449017	0.0054097978944	0.00125681612907	0.000824136562123	0.00127763093374	
0.0318932029631	0.00534885427965	0.00124258417722	0.000815334414837	0.00126511323437	
0.0315320868357	0.00528855036017	0.00122850590357	0.000806647645576	0.00125270992272	
0.031174865229	0.00522888210685	0.00121457998179	0.000798023214845	0.00124032833784	
0.0308215081825	0.00516984535017	0.00120080517016	0.000789462538955	0.00122797529955	
0.0304719830366	0.00511147243	0.00118718021299	0.000780966895064	0.00121565712186	
0.0301262590358	0.00505373478182	0.00117370930044	0.000772537428929	0.00120337964419	
0.0297844181089	0.00499661204519	0.00116038693736	0.000764175163309	0.00119114826235	
0.0294463706217	0.00494009979957	0.00114721013585	0.000755881005918	0.00117896795762	
0.029112015781	0.0048841935268	0.00113417762641	0.00074765575692	0.00116684332412	
0.0287813214477	0.00482888862078	0.00112128813172	0.000739500116063	0.0011547785973	
0.0284542534193	0.00477418039629	0.00110854036788	0.000731422647658	0.00114288353179	
0.0281307824597	0.00472006409739	0.00109593304578	0.000723442162453	0.00113109694455	
0.0278108726909	0.00466653490536	0.00108346487218	0.000715530498498	0.00111937072813	
0.0274944932108	0.00461358794594	0.00107113455093	0.000707688153468	0.00110770851237	
0.0271816107367	0.00456123806476	0.00105894078404	0.000699915545977	0.0010961136304	
0.0268721923928	0.00450946688778	0.00104688521396	0.000692213020158	0.00108458913673	
0.026566266374	0.00445826127444	0.001034964222	0.00068458085056	0.0010731378251	
0.0262637687834	0.0044076162973	0.00102317564497	0.00067701924677	0.00106176224529	
0.0259646299914	0.00435752699785	0.0010115182002	0.000669528357787	0.00105046471905	
0.0256688183572	0.00430798839189	0.000999990606539	0.000662108276174	0.00103924735655	
0.0253763009937	0.00425899547465	0.000988591585079	0.000654763470998	0.00102816949864	
0.0250870454964	0.00421054322506	0.000977319859824	0.000647503293402	0.00101719659176	
0.024801020342	0.00416262661046	0.000966174158318	0.000640312654972	0.00100630357346	
0.0245181908551	0.00411524059043	0.000955153212229	0.000633191531118	0.000995492153765	
0.0242385281126	0.00406839078388	0.000944255757956	0.000626139853825	0.0009847638708	
0.0239619976853	0.00402206471401	0.000933482121807	0.000619157514362	0.000974120101332	
0.0236886022593	0.00397625316179	0.000922829776154	0.000612244366116	0.000963562071129	
0.0234182894705	0.00393095114638	0.000912297035014	0.000605400227279	0.000953090864755	
0.0231510120285	0.00388615369257	0.000901882665502	0.000598624883384	0.000942707434842	
0.0228867401492	0.00384185583358	0.000891585441149	0.000591918089716	0.000932412611657	
0.0226254382311	0.00379805261399	0.000881404142249	0.000585282032229	0.00092223818725	
0.0223670790805	0.00375473909176	0.000871337556194	0.000578721189872	0.000912164531198	
0.0221116290156	0.00371191034068	0.000861384477775	0.000572227343481	0.000902178416991	
0.0218590596704	0.00366956145281	0.000851543709466	0.000565800186556	0.000892280427023	
0.0216093399506	0.00362769329029	0.000841814061717	0.00055943939014	0.000882471046155	
0.0213624396926	0.00358629687415	0.000832195206818	0.000553144604402	0.000872750667865	
