0.0	9.5151256546e-07
0.010101010101	2.03530753833e-05
0.020202020202	4.1688542174e-05
0.030303030303	6.29950824402e-05
0.040404040404	8.42602967892e-05
0.0505050505051	0.000105470912552
0.0606060606061	0.000126611899575
0.0707070707071	0.000147670262433
0.0808080808081	0.000168632045691
0.0909090909091	0.000189483173123
0.10101010101	0.00021021021098
0.111111111111	0.000230799071948
0.121212121212	0.000251236779313
0.131313131313	0.000271509412016
0.141414141414	0.000291603533804
0.151515151515	0.000311505821491
0.161616161616	0.000331202514832
0.171717171717	0.000350680316287
0.181818181818	0.000369925782875
0.191919191919	0.00038892542195
0.20202020202	0.000407666046212
0.212121212121	0.000426134145528
0.222222222222	0.000444316557465
0.232323232323	0.000462199935563
0.242424242424	0.000479771078947
0.252525252525	0.000497016777499
0.262626262626	0.000513923904592
0.272727272727	0.00053047932194
0.282828282828	0.000546669925527
0.292929292929	0.000562482738093
0.30303030303	0.000577904658225
0.313131313131	0.000592922709333
0.323232323232	0.000607524092465
0.333333333333	0.000621695715819
0.343434343434	0.000635424840863
0.353535353535	0.000648698674172
0.363636363636	0.000661504367388
0.373737373737	0.000673829239534
0.383838383838	0.000685660554573
0.393939393939	0.000696985706618
0.40404040404	0.000707792031362
0.414141414141	0.000718067033132
0.424242424242	0.000727798144997
0.434343434343	0.000736972913737
0.444444444444	0.0007455788953
0.454545454545	0.00075360367772
0.464646464646	0.000761034943151
0.474747474747	0.000767860408063
0.484848484848	0.000774067816638
0.494949494949	0.000779644959477
0.505050505051	0.000784579667677
0.515151515152	0.000788859851743
0.525252525253	0.000792473438119
0.535353535354	0.000795408433772
0.545454545455	0.000797652835962
0.555555555556	0.000799194801502
0.565656565657	0.000800022386816
0.575757575758	0.0008001238023
0.585858585859	0.000799487308526
0.59595959596	0.000798101177275
0.606060606061	0.000795953718127
0.616161616162	0.000793033337425
0.626262626263	0.000789328486253
0.636363636364	0.000784827628683
0.646464646465	0.000779519332373
0.656565656566	0.000773392169254
0.666666666667	0.000766434792766
0.676767676768	0.00075863592148
0.686868686869	0.000749984277379
0.69696969697	0.000740468685736
0.707070707071	0.000730078012761
0.717171717172	0.000718801160687
0.727272727273	0.000706627098294
0.737373737374	0.000693544846076
0.747474747475	0.000679543493424
0.757575757576	0.000664612167526
0.767676767677	0.000648740053943
0.777777777778	0.000631916404275
0.787878787879	0.000614130504921
0.79797979798	0.000595371731248
0.808080808081	0.000575629474626
0.818181818182	0.000554893205706
0.828282828283	0.000533152457893
0.838383838384	0.000510396809429
0.848484848485	0.000486615889811
0.858585858586	0.000461799404157
0.868686868687	0.0004359371021
0.878787878788	0.000409018789397
0.888888888889	0.000381034336471
0.89898989899	0.000351973663354
0.909090909091	0.000321826758597
0.919191919192	0.000290583659075
0.929292929293	0.000258234463189
0.939393939394	0.000224769330222
0.949494949495	0.000190178473672
0.959595959596	0.000154452168936
0.969696969697	0.000117580748253
0.979797979798	7.95546031086e-05
0.989898989899	4.03641839741e-05
1.0	0.0


0.0	9.67371095603e-07
0.010101010101	0.000150619923854
0.020202020202	0.000301618795888
0.030303030303	0.000451504525795
0.040404040404	0.000599849725856
0.0505050505051	0.000746277705024
0.0606060606061	0.000890452807785
0.0707070707071	0.00103207424835
0.0808080808081	0.00117087193247
0.0909090909091	0.0013066034291
0.10101010101	0.00143905137258
0.111111111111	0.00156802154371
0.121212121212	0.00169334110918
0.131313131313	0.00181485714416
0.141414141414	0.00193243533296
0.151515151515	0.00204595873876
0.161616161616	0.00215532673397
0.171717171717	0.00226045399483
0.181818181818	0.00236126954898
0.191919191919	0.00245771587188
0.20202020202	0.00254974807307
0.212121212121	0.00263733306451
0.222222222222	0.00272044882549
0.232323232323	0.00279908364676
0.242424242424	0.00287323544757
0.252525252525	0.0029429110898
0.262626262626	0.00300812574942
0.272727272727	0.00306890228497
0.282828282828	0.0031252706443
0.292929292929	0.0031772673086
0.30303030303	0.00322493473155
0.313131313131	0.003268320825
0.323232323232	0.00330747846654
0.333333333333	0.00334246501594
0.343434343434	0.00337334186096
0.353535353535	0.00340017399241
0.363636363636	0.0034230295941
0.373737373737	0.00344197964944
0.383838383838	0.00345709758369
0.393939393939	0.00346845890635
0.40404040404	0.00347614089591
0.414141414141	0.00348022228678
0.424242424242	0.00348078298356
0.434343434343	0.00347790379137
0.444444444444	0.00347166616684
0.454545454545	0.00346215198504
0.464646464646	0.0034494433191
0.474747474747	0.00343362224424
0.484848484848	0.00341477065083
0.494949494949	0.00339297007465
0.505050505051	0.00336830154355
0.515151515152	0.0033408454314
0.525252525253	0.00331068133388
0.535353535354	0.00327788794842
0.545454545455	0.00324254297255
0.555555555556	0.00320472300765
0.565656565657	0.00316450347878
0.575757575758	0.00312195855787
0.585858585859	0.00307716110279
0.59595959596	0.00303018260126
0.606060606061	0.00298109312229
0.616161616162	0.00292996127878
0.626262626263	0.0028768541954
0.636363636364	0.00282183747942
0.646464646465	0.00276497520437
0.656565656566	0.0027063298941
0.666666666667	0.00264596251483
0.676767676768	0.00258393247018
0.686868686869	0.00252029760034
0.69696969697	0.00245511418871
0.707070707071	0.00238843696677
0.717171717172	0.00232031912671
0.727272727273	0.00225081233411
0.737373737374	0.00217996674536
0.747474747475	0.00210783102525
0.757575757576	0.00203445236907
0.767676767677	0.00195987652377
0.777777777778	0.0018841478138
0.787878787879	0.00180730916512
0.79797979798	0.00172940213291
0.808080808081	0.00165046692965
0.818181818182	0.00157054245223
0.828282828283	0.00148966631297
0.838383838384	0.00140787486797
0.848484848485	0.00132520324802
0.858585858586	0.00124168538855
0.868686868687	0.00115735406086
0.878787878788	0.00107224090176
0.888888888889	0.000986376444972
0.89898989899	0.000899790151027
0.909090909091	0.00081251043788
0.919191919192	0.00072456471093
0.929292929293	0.000635979392422
0.939393939394	0.000546779951125
0.949494949495	0.000456990930851
0.959595959596	0.000366635979441
0.969696969697	0.000275737876192
0.979797979798	0.0001843185599
0.989898989899	9.23991553613e-05
1.0	0.0


0.0	9.93368140858e-07
0.010101010101	0.000203808762534
0.020202020202	0.000373322372069
0.030303030303	0.000498821538854
0.040404040404	0.000583373525374
0.0505050505051	0.000634513026
0.0606060606061	0.000660535538787
0.0707070707071	0.000668761179889
0.0808080808081	0.000664964517982
0.0909090909091	0.000653401583149
0.10101010101	0.000637072263241
0.111111111111	0.000618026067987
0.121212121212	0.000597630072006
0.131313131313	0.000576776848538
0.141414141414	0.000556035761748
0.151515151515	0.000535759050682
0.161616161616	0.000516154610875
0.171717171717	0.000497335290557
0.181818181818	0.000479352026422
0.191919191919	0.000462216012365
0.20202020202	0.000445913479941
0.212121212121	0.00043041551879
0.222222222222	0.000415684571285
0.232323232323	0.000401678697543
0.242424242424	0.000388354345466
0.252525252525	0.000375668118701
0.262626262626	0.00036357787351
0.272727272727	0.000352043368313
0.282828282828	0.000341026615741
0.292929292929	0.000330492039457
0.30303030303	0.000320406504541
0.313131313131	0.00031073926769
0.323232323232	0.000301461878791
0.333333333333	0.00029254805489
0.343434343434	0.000283973540232
0.353535353535	0.000275715962179
0.363636363636	0.000267754688
0.373737373737	0.000260070687221
0.383838383838	0.000252646400683
0.393939393939	0.000245465618343
0.40404040404	0.000238513365648
0.414141414141	0.00023177579883
0.424242424242	0.000225240108878
0.434343434343	0.000218894433541
0.444444444444	0.000212727777089
0.454545454545	0.000206729937391
0.464646464646	0.000200891439143
0.474747474747	0.000195203473645
0.484848484848	0.000189657843523
0.494949494949	0.000184246913001
0.505050505051	0.000178963562167
0.515151515152	0.00017380114581
0.525252525253	0.000168753455694
0.535353535354	0.000163814686298
0.545454545455	0.000158979403593
0.555555555556	0.000154242516542
0.565656565657	0.000149599251194
0.575757575758	0.000145045126848
0.585858585859	0.000140575934343
0.59595959596	0.000136187716389
0.606060606061	0.000131876749106
0.616161616162	0.000127639525644
0.626262626263	0.000123472740697
0.636363636364	0.000119373276487
0.646464646465	0.000115338189947
0.656565656566	0.000111364700754
0.666666666667	0.000107450180499
0.676767676768	0.000103592142425
0.686868686869	9.97882323115e-05
0.69696969697	9.60362197887e-05
0.707070707071	9.2333990405e-05
0.717171717172	8.86795383493e-05
0.727272727273	8.50709595655e-05
0.737373737374	8.15064454387e-05
0.747474747475	7.79842770976e-05
0.757575757576	7.45028198415e-05
0.767676767677	7.10605181056e-05
0.777777777778	6.7655890928e-05
0.787878787879	6.42875273769e-05
0.79797979798	6.09540826566e-05
0.808080808081	5.76542742361e-05
0.818181818182	5.43868783881e-05
0.828282828283	5.11507268277e-05
0.838383838384	4.79447036288e-05
0.848484848485	4.47677424585e-05
0.858585858586	4.16188237647e-05
0.868686868687	3.84969723309e-05
0.878787878788	3.54012548558e-05
0.888888888889	3.23307778447e-05
0.89898989899	2.92846854362e-05
0.909090909091	2.62621575082e-05
0.919191919192	2.32624078414e-05
0.929292929293	2.02846824036e-05
0.939393939394	1.73282577359e-05
0.949494949495	1.43924394398e-05
0.959595959596	1.14765607298e-05
0.969696969697	8.57998111641e-06
0.979797979798	5.70208511829e-06
0.989898989899	2.84228107025e-06
1.0	0.0


0.0	5.43617436637e-09
0.010101010101	5.96581616722e-07
0.020202020202	1.19821095155e-06
0.030303030303	1.79906011426e-06
0.040404040404	2.39873847431e-06
0.0505050505051	2.99685554642e-06
0.0606060606061	3.59302101445e-06
0.0707070707071	4.18684479454e-06
0.0808080808081	4.77793707147e-06
0.0909090909091	5.36590834829e-06
0.10101010101	5.95036908777e-06
0.111111111111	6.53093285469e-06
0.121212121212	7.10722354934e-06
0.131313131313	7.67885826644e-06
0.141414141414	8.24545494305e-06
0.151515151515	8.80663236112e-06
0.161616161616	9.36201016325e-06
0.171717171717	9.91120885803e-06
0.181818181818	1.04538498357e-05
0.191919191919	1.09895553802e-05
0.20202020202	1.15179486814e-05
0.212121212121	1.20386538537e-05
0.222222222222	1.25512959457e-05
0.232323232323	1.30555009579e-05
0.242424242424	1.35508958582e-05
0.252525252525	1.40371085958e-05
0.262626262626	1.45137681178e-05
0.272727272727	1.49805043834e-05
0.282828282828	1.54369483802e-05
0.292929292929	1.588273214e-05
0.30303030303	1.63174887525e-05
0.313131313131	1.67408523817e-05
0.323232323232	1.71524582807e-05
0.333333333333	1.75519428054e-05
0.343434343434	1.7938943431e-05
0.353535353535	1.83130987662e-05
0.363636363636	1.86740485668e-05
0.373737373737	1.90214337494e-05
0.383838383838	1.93548964076e-05
0.393939393939	1.96740798239e-05
0.40404040404	1.99786284836e-05
0.414141414141	2.02681880893e-05
0.424242424242	2.05424055727e-05
0.434343434343	2.08009291088e-05
0.444444444444	2.1043408128e-05
0.454545454545	2.12694933285e-05
0.464646464646	2.14788366898e-05
0.474747474747	2.16710914831e-05
0.484848484848	2.18459122854e-05
0.494949494949	2.20029549891e-05
0.505050505051	2.21418768153e-05
0.515151515152	2.2262336324e-05
0.525252525253	2.23639934255e-05
0.535353535354	2.24465093919e-05
0.545454545455	2.25095468666e-05
0.555555555556	2.25527698762e-05
0.565656565657	2.25758438394e-05
0.575757575758	2.25784355783e-05
0.585858585859	2.25602133274e-05
0.59595959596	2.25208467439e-05
0.606060606061	2.24600069166e-05
0.616161616162	2.23773663756e-05
0.626262626263	2.22725991017e-05
0.636363636364	2.21453805341e-05
0.646464646465	2.19953875803e-05
0.656565656566	2.18222986243e-05
0.666666666667	2.16257935346e-05
0.676767676768	2.14055536725e-05
0.686868686869	2.11612619002e-05
0.69696969697	2.08926025885e-05
0.707070707071	2.05992616238e-05
0.717171717172	2.02809264169e-05
0.727272727273	1.99372859086e-05
0.737373737374	1.95680305777e-05
0.747474747475	1.91728524477e-05
0.757575757576	1.87514450932e-05
0.767676767677	1.83035036473e-05
0.777777777778	1.78287248064e-05
0.787878787879	1.73268068377e-05
0.79797979798	1.67974495851e-05
0.808080808081	1.62403544742e-05
0.818181818182	1.56552245188e-05
0.828282828283	1.5041764326e-05
0.838383838384	1.4399680102e-05
0.848484848485	1.37286796567e-05
0.858585858586	1.30284724091e-05
0.868686868687	1.22987693922e-05
0.878787878788	1.15392832577e-05
0.888888888889	1.07497282807e-05
0.89898989899	9.92982036344e-06
0.909090909091	9.07927704077e-06
0.919191919192	8.19781748333e-06
0.929292929293	7.28516250194e-06
0.939393939394	6.34103455134e-06
0.949494949495	5.36515773388e-06
0.959595959596	4.3572578032e-06
0.969696969697	3.31706216752e-06
0.979797979798	2.24429989294e-06
0.989898989899	1.13870170669e-06
1.0	0.0


0.0	5.43669052154e-09
0.010101010101	4.27011418953e-06
0.020202020202	8.52825823668e-06
0.030303030303	1.27549525804e-05
0.040404040404	1.69381528616e-05
0.0505050505051	2.10672442701e-05
0.0606060606061	2.5132765709e-05
0.0707070707071	2.9126239713e-05
0.0808080808081	3.30400545577e-05
0.0909090909091	3.68673762078e-05
0.10101010101	4.0602078947e-05
0.111111111111	4.42386884584e-05
0.121212121212	4.7772333606e-05
0.131313131313	5.1198704515e-05
0.141414141414	5.4514015362e-05
0.151515151515	5.771497077e-05
0.161616161616	6.07987350361e-05
0.171717171717	6.3762903635e-05
0.181818181818	6.66054765803e-05
0.191919191919	6.93248333502e-05
0.20202020202	7.19197091234e-05
0.212121212121	7.43891722981e-05
0.222222222222	7.67326027509e-05
0.232323232323	7.89496714235e-05
0.242424242424	8.104032048e-05
0.252525252525	8.30047443887e-05
0.262626262626	8.4843371751e-05
0.272727272727	8.65568478676e-05
0.282828282828	8.81460180047e-05
0.292929292929	8.96119113629e-05
0.30303030303	9.09557257103e-05
0.313131313131	9.21788126841e-05
0.323232323232	9.32826637435e-05
0.333333333333	9.42688967635e-05
0.343434343434	9.51392432611e-05
0.353535353535	9.58955362454e-05
0.363636363636	9.65396986818e-05
0.373737373737	9.70737325546e-05
0.383838383838	9.7499708528e-05
0.393939393939	9.78197561808e-05
0.40404040404	9.8036054813e-05
0.414141414141	9.81508248008e-05
0.424242424242	9.8166319495e-05
0.434343434343	9.80848176417e-05
0.444444444444	9.79086163095e-05
0.454545454545	9.76400243118e-05
0.464646464646	9.72813561023e-05
0.474747474747	9.68349261251e-05
0.484848484848	9.63030436091e-05
0.494949494949	9.56880077794e-05
0.505050505051	9.49921034789e-05
0.515151515152	9.42175971646e-05
0.525252525253	9.33667332824e-05
0.535353535354	9.24417309824e-05
0.545454545455	9.14447811693e-05
0.555555555556	9.03780438635e-05
0.565656565657	8.92436458612e-05
0.575757575758	8.80436786678e-05
0.585858585859	8.67801966982e-05
0.59595959596	8.54552157182e-05
0.606060606061	8.40707115197e-05
0.616161616162	8.26286188059e-05
0.626262626263	8.11308302784e-05
0.636363636364	7.95791959098e-05
0.646464646465	7.79755223828e-05
0.656565656566	7.63215726948e-05
0.666666666667	7.46190659022e-05
0.676767676768	7.28696770026e-05
0.686868686869	7.10750369343e-05
0.69696969697	6.9236732691e-05
0.707070707071	6.73563075379e-05
0.717171717172	6.54352613169e-05
0.727272727273	6.34750508356e-05
0.737373737374	6.1477090331e-05
0.747474747475	5.94427519965e-05
0.757575757576	5.73733665698e-05
0.767676767677	5.5270223971e-05
0.777777777778	5.31345739858e-05
0.787878787879	5.09676269863e-05
0.79797979798	4.8770554687e-05
0.808080808081	4.6544490928e-05
0.818181818182	4.42905324782e-05
0.828282828283	4.2009739862e-05
0.838383838384	3.97031381984e-05
0.848484848485	3.7371718049e-05
0.858585858586	3.50164362767e-05
0.868686868687	3.26382169062e-05
0.878787878788	3.02379519886e-05
0.888888888889	2.78165024621e-05
0.89898989899	2.53746990118e-05
0.909090909091	2.29133429226e-05
0.919191919192	2.04332069249e-05
0.929292929293	1.79350360338e-05
0.939393939394	1.5419548374e-05
0.949494949495	1.28874359974e-05
0.959595959596	1.03393656845e-05
0.969696969697	7.77597973463e-06
0.979797979798	5.19789674049e-06
0.989898989899	2.60571234801e-06
1.0	0.0


0.0	5.4371661744e-09
0.010101010101	5.76765243033e-06
0.020202020202	1.05435837904e-05
0.030303030303	1.40781853826e-05
0.040404040404	1.64587024484e-05
0.0505050505051	1.78978387957e-05
0.0606060606061	1.86294913184e-05
0.0707070707071	1.88599446834e-05
0.0808080808081	1.87518788729e-05
0.0909090909091	1.8425170196e-05
0.10101010101	1.79643028368e-05
0.111111111111	1.74269903948e-05
0.121212121212	1.68517262411e-05
0.131313131313	1.62636410363e-05
0.141414141414	1.567876391e-05
0.151515151515	1.51070100232e-05
0.161616161616	1.45542301484e-05
0.171717171717	1.40235988293e-05
0.181818181818	1.35165474521e-05
0.191919191919	1.30333884903e-05
0.20202020202	1.25737316983e-05
0.212121212121	1.21367606352e-05
0.222222222222	1.17214155371e-05
0.232323232323	1.13265134095e-05
0.242424242424	1.09508260156e-05
0.252525252525	1.05931296481e-05
0.262626262626	1.02522360132e-05
0.272727272727	9.9270105024e-06
0.282828282828	9.61638210288e-06
0.292929292929	9.31934780027e-06
0.30303030303	9.03497342633e-06
0.313131313131	8.76239225024e-06
0.323232323232	8.5008021957e-06
0.333333333333	8.24946228685e-06
0.343434343434	8.00768870283e-06
0.353535353535	7.77485070994e-06
0.363636363636	7.55036662878e-06
0.373737373737	7.33369994539e-06
0.383838383838	7.12435563053e-06
0.393939393939	6.92187668354e-06
0.40404040404	6.72584093563e-06
0.414141414141	6.53585809822e-06
0.424242424242	6.35156704904e-06
0.434343434343	6.17263336061e-06
0.444444444444	5.99874703333e-06
0.454545454545	5.82962043797e-06
0.464646464646	5.66498643799e-06
0.474747474747	5.50459668657e-06
0.484848484848	5.34822007615e-06
0.494949494949	5.19564132612e-06
0.505050505051	5.04665970363e-06
0.515151515152	4.901087855e-06
0.525252525253	4.75875074726e-06
0.535353535354	4.61948470255e-06
0.545454545455	4.483136513e-06
0.555555555556	4.3495626432e-06
0.565656565657	4.218628495e-06
0.575757575758	4.09020773835e-06
0.585858585859	3.9641817023e-06
0.59595959596	3.84043881002e-06
0.606060606061	3.71887407101e-06
0.616161616162	3.5993886113e-06
0.626262626263	3.48188923763e-06
0.636363636364	3.36628804634e-06
0.646464646465	3.25250205891e-06
0.656565656566	3.14045288457e-06
0.666666666667	3.03006641406e-06
0.676767676768	2.9212725354e-06
0.686868686869	2.81400486967e-06
0.69696969697	2.70820053186e-06
0.707070707071	2.60379990509e-06
0.717171717172	2.50074643356e-06
0.727272727273	2.3989864328e-06
0.737373737374	2.29846890956e-06
0.747474747475	2.19914539721e-06
0.757575757576	2.10096980459e-06
0.767676767677	2.0038982743e-06
0.777777777778	1.90788904666e-06
0.787878787879	1.81290234122e-06
0.79797979798	1.71890023967e-06
0.808080808081	1.6258465812e-06
0.818181818182	1.53370686065e-06
0.828282828283	1.44244813756e-06
0.838383838384	1.35203894737e-06
0.848484848485	1.26244922408e-06
0.858585858586	1.17365021974e-06
0.868686868687	1.08561443683e-06
0.878787878788	9.98315561305e-07
0.888888888889	9.11728398902e-07
0.89898989899	8.25828817863e-07
0.909090909091	7.40593693823e-07
0.919191919192	6.56000858511e-07
0.929292929293	5.72029050589e-07
0.939393939394	4.88657871362e-07
0.949494949495	4.05867741047e-07
0.959595959596	3.23639859311e-07
0.969696969697	2.41956166098e-07
0.979797979798	1.60799307106e-07
0.989898989899	8.01525994287e-08
1.0	0.0


0.0	6.92092236657e-11
0.010101010101	3.23249526846e-08
0.020202020202	6.46981078124e-08
0.030303030303	9.70292326542e-08
0.040404040404	1.29297309785e-07
0.0505050505051	1.61481329039e-07
0.0606060606061	1.93560289937e-07
0.0707070707071	2.25513204105e-07
0.0808080808081	2.57319097705e-07
0.0909090909091	2.88957013853e-07
0.10101010101	3.20405991889e-07
0.111111111111	3.51645246815e-07
0.121212121212	3.82654538282e-07
0.131313131313	4.13413263825e-07
0.141414141414	4.43900866062e-07
0.151515151515	4.74096833107e-07
0.161616161616	5.03980699061e-07
0.171717171717	5.335320446e-07
0.181818181818	5.62730497638e-07
0.191919191919	5.91555734026e-07
0.20202020202	6.19987478303e-07
0.212121212121	6.48005504458e-07
0.222222222222	6.75589636733e-07
0.232323232323	7.02719750435e-07
0.242424242424	7.29375772745e-07
0.252525252525	7.55537683578e-07
0.262626262626	7.81185516378e-07
0.272727272727	8.06299358981e-07
0.282828282828	8.30859354452e-07
0.292929292929	8.54845701884e-07
0.30303030303	8.78238657275e-07
0.313131313131	9.01018534301e-07
0.323232323232	9.23165705166e-07
0.333333333333	9.44660601397e-07
0.343434343434	9.65483714645e-07
0.353535353535	9.85615597425e-07
0.363636363636	1.00503686416e-06
0.373737373737	1.0237281914e-06
0.383838383838	1.04167031917e-06
0.393939393939	1.05884405139e-06
0.40404040404	1.07523025673e-06
0.414141414141	1.09080986927e-06
0.424242424242	1.10556388925e-06
0.434343434343	1.1194733838e-06
0.444444444444	1.1325194876e-06
0.454545454545	1.14468340355e-06
0.464646464646	1.15594640349e-06
0.474747474747	1.1662898288e-06
0.484848484848	1.17569509109e-06
0.494949494949	1.18414367282e-06
0.505050505051	1.19161712791e-06
0.515151515152	1.19809708239e-06
0.525252525253	1.20356523494e-06
0.535353535354	1.20800335753e-06
0.545454545455	1.211393296e-06
0.555555555556	1.21371697057e-06
0.565656565657	1.21495637646e-06
0.575757575758	1.21509358439e-06
0.585858585859	1.21411074112e-06
0.59595959596	1.21199007002e-06
0.606060606061	1.20871387147e-06
0.616161616162	1.20426452349e-06
0.626262626263	1.19862448215e-06
0.636363636364	1.19177628205e-06
0.646464646465	1.18370253684e-06
0.656565656566	1.1743859396e-06
0.666666666667	1.16380926336e-06
0.676767676768	1.15195536151e-06
0.686868686869	1.13880716819e-06
0.69696969697	1.1243476988e-06
0.707070707071	1.10856005031e-06
0.717171717172	1.09142740169e-06
0.727272727273	1.07293301432e-06
0.737373737374	1.05306023237e-06
0.747474747475	1.03179248313e-06
0.757575757576	1.0091132774e-06
0.767676767677	9.85006209828e-07
0.777777777778	9.59454959256e-07
0.787878787879	9.32443289054e-07
0.79797979798	9.03955047447e-07
0.808080808081	8.73974167807e-07
0.818181818182	8.42484668985e-07
0.828282828283	8.09470655593e-07
0.838383838384	7.74916318294e-07
0.848484848485	7.38805934081e-07
0.858585858586	7.01123866557e-07
0.868686868687	6.61854566182e-07
0.878787878788	6.20982570538e-07
0.888888888889	5.78492504568e-07
0.89898989899	5.34369080825e-07
0.909090909091	4.88597099693e-07
0.919191919192	4.41161449608e-07
0.929292929293	3.92047107279e-07
0.939393939394	3.4123913789e-07
0.949494949495	2.88722695297e-07
0.959595959596	2.34483022225e-07
0.969696969697	1.78505450448e-07
0.979797979798	1.20775400963e-07
0.989898989899	6.12783841645e-08
1.0	0.0


0.0	6.92098865134e-11
0.010101010101	2.29994869191e-07
0.020202020202	4.59122793485e-07
0.030303030303	6.86559788173e-07
0.040404040404	9.11657862534e-07
0.0505050505051	1.13384550628e-06
0.0606060606061	1.35261315562e-06
0.0707070707071	1.56750422329e-06
0.0808080808081	1.77810881508e-06
0.0909090909091	1.9840589883e-06
0.10101010101	2.185024995e-06
0.111111111111	2.38071219468e-06
0.121212121212	2.57085844052e-06
0.131313131313	2.75523181059e-06
0.141414141414	2.93362859672e-06
0.151515151515	3.10587149072e-06
0.161616161616	3.2718079249e-06
0.171717171717	3.43130853636e-06
0.181818181818	3.5842657321e-06
0.191919191919	3.73059233886e-06
0.20202020202	3.87022032471e-06
0.212121212121	4.00309958377e-06
0.222222222222	4.1291967764e-06
0.232323232323	4.24849422006e-06
0.242424242424	4.36098882679e-06
0.252525252525	4.46669108396e-06
0.262626262626	4.56562407659e-06
0.272727272727	4.65782254883e-06
0.282828282828	4.74333200406e-06
0.292929292929	4.8222078416e-06
0.30303030303	4.89451453038e-06
0.313131313131	4.96032481777e-06
0.323232323232	5.01971897375e-06
0.333333333333	5.07278406955e-06
0.343434343434	5.11961329045e-06
0.353535353535	5.16030528193e-06
0.363636363636	5.19496352897e-06
0.373737373737	5.22369576768e-06
0.383838383838	5.24661342886e-06
0.393939393939	5.26383111267e-06
0.40404040404	5.27546609388e-06
0.414141414141	5.28163785697e-06
0.424242424242	5.28246765994e-06
0.434343434343	5.27807812668e-06
0.444444444444	5.26859286652e-06
0.454545454545	5.25413612004e-06
0.464646464646	5.23483243089e-06
0.474747474747	5.21080634173e-06
0.484848484848	5.18218211403e-06
0.494949494949	5.14908347081e-06
0.505050505051	5.11163336044e-06
0.515151515152	5.06995374199e-06
0.525252525253	5.02416538953e-06
0.535353535354	4.97438771578e-06
0.545454545455	4.92073861336e-06
0.555555555556	4.86333431278e-06
0.565656565657	4.80228925638e-06
0.575757575758	4.73771598757e-06
0.585858585859	4.66972505361e-06
0.59595959596	4.59842492195e-06
0.606060606061	4.52392190892e-06
0.616161616162	4.44632011977e-06
0.626262626263	4.36572139951e-06
0.636363636364	4.28222529388e-06
0.646464646465	4.19592901904e-06
0.656565656566	4.1069274405e-06
0.666666666667	4.01531305921e-06
0.676767676768	3.92117600521e-06
0.686868686869	3.82460403776e-06
0.69696969697	3.72568255145e-06
0.707070707071	3.6244945878e-06
0.717171717172	3.52112085167e-06
0.727272727273	3.41563973234e-06
0.737373737374	3.30812732829e-06
0.747474747475	3.19865747568e-06
0.757575757576	3.08730177994e-06
0.767676767677	2.97412965013e-06
0.777777777778	2.85920833569e-06
0.787878787879	2.74260296523e-06
0.79797979798	2.62437658727e-06
0.808080808081	2.5045902122e-06
0.818181818182	2.38330285583e-06
0.828282828283	2.26057158357e-06
0.838383838384	2.13645155566e-06
0.848484848485	2.01099607293e-06
0.858585858586	1.88425662283e-06
0.868686868687	1.7562829259e-06
0.878787878788	1.62712298218e-06
0.888888888889	1.49682311753e-06
0.89898989899	1.36542802998e-06
0.909090909091	1.23298083553e-06
0.919191919192	1.09952311369e-06
0.929292929293	9.65094952676e-07
0.939393939394	8.29734993754e-07
0.949494949495	6.93480475229e-07
0.959595959596	5.56367275591e-07
0.969696969697	4.18429956051e-07
0.979797979798	2.79701802165e-07
0.989898989899	1.40214864776e-07
1.0	0.0


0.0	6.92104594221e-11
0.010101010101	3.10560532489e-07
0.020202020202	5.67515324965e-07
0.030303030303	7.57669693284e-07
0.040404040404	8.85727329889e-07
0.0505050505051	9.63137084907e-07
0.0606060606061	1.00248504895e-06
0.0707070707071	1.01487016032e-06
0.0808080808081	1.00904467109e-06
0.0909090909091	9.91457712165e-07
0.10101010101	9.66654256795e-07
0.111111111111	9.37739046609e-07
0.121212121212	9.06782824453e-07
0.131313131313	8.75137467315e-07
0.141414141414	8.43665228539e-07
0.151515151515	8.12899458805e-07
0.161616161616	7.83154865537e-07
0.171717171717	7.54602189745e-07
0.181818181818	7.27318401248e-07
0.191919191919	7.01320279758e-07
0.20202020202	6.76586804298e-07
0.212121212121	6.53074028643e-07
0.222222222222	6.30724918954e-07
0.232323232323	6.09475814035e-07
0.242424242424	5.89260620516e-07
0.252525252525	5.70013490513e-07
0.262626262626	5.51670482501e-07
0.272727272727	5.34170544543e-07
0.282828282828	5.1745604695e-07
0.292929292929	5.01473019339e-07
0.30303030303	4.8617119595e-07
0.313131313131	4.71503939662e-07
0.323232323232	4.57428092601e-07
0.333333333333	4.43903784471e-07
0.343434343434	4.30894220379e-07
0.353535353535	4.1836546194e-07
0.363636363636	4.06286210264e-07
0.373737373737	3.94627596855e-07
0.383838383838	3.83362985187e-07
0.393939393939	3.72467785051e-07
0.40404040404	3.61919280526e-07
0.414141414141	3.51696470905e-07
0.424242424242	3.41779925072e-07
0.434343434343	3.32151648002e-07
0.444444444444	3.22794959333e-07
0.454545454545	3.13694382233e-07
0.464646464646	3.04835542664e-07
0.474747474747	2.96205077452e-07
0.484848484848	2.87790551128e-07
0.494949494949	2.7958037981e-07
0.505050505051	2.71563762361e-07
0.515151515152	2.63730617631e-07
0.525252525253	2.56071527387e-07
0.535353535354	2.48577684221e-07
0.545454545455	2.41240844339e-07
0.555555555556	2.34053284235e-07
0.565656565657	2.27007761433e-07
0.575757575758	2.20097478179e-07
0.585858585859	inf
0.59595959596	inf
0.606060606061	inf
0.616161616162	inf
0.626262626263	inf
0.636363636364	inf
0.646464646465	inf
0.656565656566	inf
0.666666666667	inf
0.676767676768	inf
0.686868686869	inf
0.69696969697	inf
0.707070707071	inf
0.717171717172	inf
0.727272727273	inf
0.737373737374	inf
0.747474747475	inf
0.757575757576	inf
0.767676767677	inf
0.777777777778	inf
0.787878787879	inf
0.79797979798	inf
0.808080808081	inf
0.818181818182	inf
0.828282828283	inf
0.838383838384	inf
0.848484848485	inf
0.858585858586	inf
0.868686868687	inf
0.878787878788	inf
0.888888888889	inf
0.89898989899	inf
0.909090909091	inf
0.919191919192	inf
0.929292929293	inf
0.939393939394	inf
0.949494949495	inf
0.959595959596	inf
0.969696969697	inf
0.979797979798	inf
0.989898989899	inf
1.0	inf


0.0	4.23509355288e-11
0.010101010101	1.43909026611e-08
0.020202020202	2.88147989122e-08
0.030303030303	4.32199706769e-08
0.040404040404	5.75970527069e-08
0.0505050505051	7.19366827925e-08
0.0606060606061	8.62295030143e-08
0.0707070707071	1.00466160936e-07
0.0808080808081	1.14637310706e-07
0.0909090909091	1.28733614129e-07
0.10101010101	1.42745731492e-07
0.111111111111	1.56664400975e-07
0.121212121212	1.70480604086e-07
0.131313131313	1.84185160838e-07
0.141414141414	1.97768911404e-07
0.151515151515	2.11222716292e-07
0.161616161616	2.24537456566e-07
0.171717171717	2.37704034108e-07
0.181818181818	2.50713371918e-07
0.191919191919	2.63556414414e-07
0.20202020202	2.76224127778e-07
0.212121212121	2.88707500286e-07
0.222222222222	3.00997542669e-07
0.232323232323	3.13085288469e-07
0.242424242424	3.2496179441e-07
0.252525252525	3.36618140749e-07
0.262626262626	3.4804543167e-07
0.272727272727	3.59234795625e-07
0.282828282828	3.70177385731e-07
0.292929292929	3.80864380115e-07
0.30303030303	3.91286982293e-07
0.313131313131	4.01436421524e-07
0.323232323232	4.11303953181e-07
0.333333333333	4.20880859097e-07
0.343434343434	4.30158447926e-07
0.353535353535	4.39128055488e-07
0.363636363636	4.47781045114e-07
0.373737373737	4.56108807988e-07
0.383838383838	4.64102763482e-07
0.393939393939	4.71754359491e-07
0.40404040404	4.7905507275e-07
0.414141414141	4.85996409167e-07
0.424242424242	4.92569904135e-07
0.434343434343	4.98767122841e-07
0.444444444444	5.04579660581e-07
0.454545454545	5.09999143054e-07
0.464646464646	5.15017226658e-07
0.474747474747	5.19625598788e-07
0.484848484848	5.23815978122e-07
0.494949494949	5.27580114895e-07
0.505050505051	5.30909791191e-07
0.515151515152	5.33796821192e-07
0.525252525253	5.36233051465e-07
0.535353535354	5.38210361211e-07
0.545454545455	5.39720662532e-07
0.555555555556	5.4075590067e-07
0.565656565657	5.41308054267e-07
0.575757575758	5.41369135591e-07
0.585858585859	5.40931190788e-07
0.59595959596	5.39986300105e-07
0.606060606061	5.38526578128e-07
0.616161616162	5.36544173985e-07
0.626262626263	5.34031271583e-07
0.636363636364	5.30980089813e-07
0.646464646465	5.27382882757e-07
0.656565656566	5.23231939896e-07
0.666666666667	5.18519586311e-07
0.676767676768	5.13238182871e-07
0.686868686869	5.07380126426e-07
0.69696969697	5.00937849998e-07
0.707070707071	4.93903822956e-07
0.717171717172	4.86270551202e-07
0.727272727273	4.78030577329e-07
0.737373737374	4.69176480811e-07
0.747474747475	4.59700878145e-07
0.757575757576	4.49596423028e-07
0.767676767677	4.38855806506e-07
0.777777777778	4.27471757128e-07
0.787878787879	4.15437041095e-07
0.79797979798	4.02744462402e-07
0.808080808081	3.89386862978e-07
0.818181818182	3.75357122824e-07
0.828282828283	3.60648160147e-07
0.838383838384	3.45252931486e-07
0.848484848485	3.29164431833e-07
0.858585858586	3.12375694761e-07
0.868686868687	2.94879792539e-07
0.878787878788	2.76669836243e-07
0.888888888889	2.57738975869e-07
0.89898989899	2.38080400435e-07
0.909090909091	2.1768733809e-07
0.919191919192	1.96553056207e-07
0.929292929293	1.74670861482e-07
0.939393939394	1.52034100025e-07
0.949494949495	1.28636157453e-07
0.959595959596	1.04470458964e-07
0.969696969697	7.95304694337e-08
0.979797979798	5.38096934827e-08
0.989898989899	2.73016755571e-08
1.0	0.0


0.0	4.23510440881e-11
0.010101010101	1.02462878304e-07
0.020202020202	2.045504893e-07
0.030303030303	3.05883853945e-07
0.040404040404	4.06174238455e-07
0.0505050505051	5.05167174516e-07
0.0606060606061	6.02635849912e-07
0.0707070707071	6.98377032558e-07
0.0808080808081	7.92208245063e-07
0.0909090909091	8.83965654229e-07
0.10101010101	9.73502408255e-07
0.111111111111	1.06068727235e-06
0.121212121212	1.14540347279e-06
0.131313131313	1.22754769199e-06
0.141414141414	1.30702917641e-06
0.151515151515	1.38376893087e-06
0.161616161616	1.45769898078e-06
0.171717171717	1.52876168884e-06
0.181818181818	1.59690911641e-06
0.191919191919	1.66210242216e-06
0.20202020202	1.72431129294e-06
0.212121212121	1.78351340221e-06
0.222222222222	1.83969389354e-06
0.232323232323	1.89284488644e-06
0.242424242424	1.94296500293e-06
0.252525252525	1.99005891351e-06
0.262626262626	2.0341369015e-06
0.272727272727	2.07521444499e-06
0.282828282828	2.11331181571e-06
0.292929292929	2.14845369464e-06
0.30303030303	2.18066880357e-06
0.313131313131	2.20998955285e-06
0.323232323232	2.23645170442e-06
0.333333333333	2.2600940506e-06
0.343434343434	2.28095810775e-06
0.353535353535	2.29908782504e-06
0.363636363636	2.31452930787e-06
0.373737373737	2.3273305557e-06
0.383838383838	2.33754121424e-06
0.393939393939	2.34521234124e-06
0.40404040404	2.35039618616e-06
0.414141414141	2.35314598302e-06
0.424242424242	2.35351575602e-06
0.434343434343	2.35156013799e-06
0.444444444444	2.34733420075e-06
0.454545454545	2.34089329754e-06
0.464646464646	2.33229291654e-06
0.474747474747	2.32158854555e-06
0.484848484848	2.30883554715e-06
0.494949494949	2.294089044e-06
0.505050505051	2.27740381368e-06
0.515151515152	2.25883419298e-06
0.525252525253	2.23843399079e-06
0.535353535354	2.2162564095e-06
0.545454545455	2.19235397421e-06
0.555555555556	2.1667784695e-06
0.565656565657	2.13958088336e-06
0.575757575758	2.11081135766e-06
0.585858585859	2.08051914496e-06
0.59595959596	2.04875257123e-06
0.606060606061	2.01555900399e-06
0.616161616162	1.98098482571e-06
0.626262626263	1.94507541182e-06
0.636363636364	1.90787511335e-06
0.646464646465	1.86942724349e-06
0.656565656566	1.82977406803e-06
0.666666666667	1.78895679937e-06
0.676767676768	1.74701559356e-06
0.686868686869	1.70398955034e-06
0.69696969697	1.659916716e-06
0.707070707071	1.6148340884e-06
0.717171717172	1.56877762434e-06
0.727272727273	1.521782249e-06
0.737373737374	1.47388186686e-06
0.747474747475	1.42510937452e-06
0.757575757576	1.37549667468e-06
0.767676767677	1.3250746915e-06
0.777777777778	1.27387338695e-06
0.787878787879	1.22192177811e-06
0.79797979798	1.16924795528e-06
0.808080808081	1.11587910075e-06
0.818181818182	1.06184150808e-06
0.828282828283	1.00716060194e-06
0.838383838384	9.51860958144e-07
0.848484848485	8.95966324067e-07
0.858585858586	8.39499639192e-07
0.868686868687	7.82483055753e-07
0.878787878788	7.24937959459e-07
0.888888888889	6.66884990108e-07
0.89898989899	6.0834406223e-07
0.909090909091	5.4933438552e-07
0.919191919192	4.89874485129e-07
0.929292929293	4.29982221757e-07
0.939393939394	3.69674811445e-07
0.949494949495	3.08968845178e-07
0.959595959596	2.47880308084e-07
0.969696969697	1.86424598402e-07
0.979797979798	1.24616546022e-07
0.989898989899	6.24704307235e-08
1.0	0.0


0.0	4.23510913644e-11
0.010101010101	1.38356395193e-07
0.020202020202	2.5284002693e-07
0.030303030303	3.37562191456e-07
0.040404040404	3.94617987584e-07
0.0505050505051	4.29108068715e-07
0.0606060606061	4.4663994943e-07
0.0707070707071	4.52158640379e-07
0.0808080808081	4.49563642015e-07
0.0909090909091	4.4172833004e-07
0.10101010101	4.30677699248e-07
0.111111111111	4.17795058025e-07
0.121212121212	4.04003021296e-07
0.131313131313	3.89903915897e-07
0.141414141414	3.75881918297e-07
0.151515151515	3.62174663235e-07
0.161616161616	3.48922369417e-07
0.171717171717	3.36201111628e-07
0.181818181818	3.24045184995e-07
0.191919191919	3.12462067053e-07
0.20202020202	3.01442393195e-07
0.212121212121	2.90966584486e-07
0.222222222222	2.81009230728e-07
0.232323232323	2.71541968848e-07
0.242424242424	2.6253535205e-07
0.252525252525	2.53960042835e-07
0.262626262626	2.45787553044e-07
0.272727272727	2.37990681857e-07
0.282828282828	2.30543753212e-07
0.292929292929	2.23422721355e-07
0.30303030303	2.16605191079e-07
0.313131313131	2.10070383928e-07
0.323232323232	2.03799071453e-07
0.333333333333	1.97773490036e-07
0.343434343434	1.91977246244e-07
0.353535353535	1.86395219303e-07
0.363636363636	1.81013464464e-07
0.373737373737	1.75819119731e-07
0.383838383838	1.70800317621e-07
0.393939393939	1.65946102348e-07
0.40404040404	1.61246353151e-07
0.414141414141	1.56691713454e-07
0.424242424242	1.52273526042e-07
0.434343434343	1.47983773543e-07
0.444444444444	1.43815024207e-07
0.454545454545	1.39760382624e-07
0.464646464646	1.35813444657e-07
0.474747474747	1.31968256559e-07
0.484848484848	1.28219277922e-07
0.494949494949	1.24561347702e-07
0.505050505051	1.20989653672e-07
0.515151515152	1.17499704346e-07
0.525252525253	1.14087303559e-07
0.535353535354	1.10748527348e-07
0.545454545455	1.07479702852e-07
0.555555555556	1.04277389016e-07
0.565656565657	1.01138359027e-07
0.575757575758	9.80595843371e-08
0.585858585859	9.50382199476e-08
0.59595959596	9.20715909939e-08
0.606060606061	8.91571805202e-08
0.616161616162	8.6292618078e-08
0.626262626263	8.34756695812e-08
0.636363636364	8.07042276147e-08
0.646464646465	7.79763028985e-08
0.656565656566	7.52900161366e-08
0.666666666667	7.26435906264e-08
0.676767676768	7.00353455549e-08
0.686868686869	6.74636896024e-08
0.69696969697	6.49271151396e-08
0.707070707071	6.24241929791e-08
0.717171717172	5.99535672375e-08
0.727272727273	5.75139509126e-08
0.737373737374	5.51041215097e-08
0.747474747475	5.27229170945e-08
0.757575757576	5.03692327239e-08
0.767676767677	4.80420169419e-08
0.777777777778	4.57402686254e-08
0.787878787879	4.3463034089e-08
0.79797979798	4.12094042899e-08
0.808080808081	3.89785123279e-08
0.818181818182	3.67695309669e-08
0.828282828283	3.45816705023e-08
0.838383838384	3.24141766352e-08
0.848484848485	3.0266328531e-08
0.858585858586	2.81374370321e-08
0.868686868687	2.60268429105e-08
0.878787878788	2.39339153117e-08
0.888888888889	2.18580502277e-08
0.89898989899	1.97986691303e-08
0.909090909091	1.77552176571e-08
0.919191919192	1.5727164325e-08
0.929292929293	1.37139994434e-08
0.939393939394	1.17152339677e-08
0.949494949495	9.73039850179e-09
0.959595959596	7.75904231196e-09
0.969696969697	5.80073244914e-09
0.979797979798	3.85505285399e-09
0.989898989899	1.92160357624e-09
1.0	0.0


0.0	1.09276472952e-10
0.010101010101	3.62556452752e-08
0.020202020202	7.25969895207e-08
0.030303030303	1.08891154662e-07
0.040404040404	1.45114544815e-07
0.0505050505051	1.81243572294e-07
0.0606060606061	2.17254660352e-07
0.0707070707071	2.53124245913e-07
0.0808080808081	2.88828782306e-07
0.0909090909091	3.24344742002e-07
0.10101010101	3.59648593558e-07
0.111111111111	3.94717001613e-07
0.121212121212	4.29527243968e-07
0.131313131313	4.64056191459e-07
0.141414141414	4.98280765706e-07
0.151515151515	5.3217793955e-07
0.161616161616	5.65724737611e-07
0.171717171717	5.9889823698e-07
0.181818181818	6.31675567932e-07
0.191919191919	6.64033914717e-07
0.20202020202	6.95950516414e-07
0.212121212121	7.27402667775e-07
0.222222222222	7.58367720127e-07
0.232323232323	7.88823082265e-07
0.242424242424	8.18746221385e-07
0.252525252525	8.48114664008e-07
0.262626262626	8.76905996895e-07
0.272727272727	9.05097867994e-07
0.282828282828	9.3266798736e-07
0.292929292929	9.59594128087e-07
0.30303030303	9.85854127225e-07
0.313131313131	1.01142588669e-06
0.323232323232	1.03628737419e-06
0.333333333333	1.06041662411e-06
0.343434343434	1.08379173839e-06
0.353535353535	1.10639088743e-06
0.363636363636	1.12819231095e-06
0.373737373737	1.14917431883e-06
0.383838383838	1.16931529198e-06
0.393939393939	1.18859368318e-06
0.40404040404	1.20698801786e-06
0.414141414141	1.22447689496e-06
0.424242424242	1.24103898771e-06
0.434343434343	1.2566530444e-06
0.444444444444	1.2712978892e-06
0.454545454545	1.28495242282e-06
0.464646464646	1.29759562341e-06
0.474747474747	1.30920654716e-06
0.484848484848	1.31976432906e-06
0.494949494949	1.32924818367e-06
0.505050505051	1.33763740574e-06
0.515151515152	1.34491137092e-06
0.525252525253	1.35104953644e-06
0.535353535354	1.35603144178e-06
0.545454545455	1.35983670927e-06
0.555555555556	1.36244504476e-06
0.565656565657	1.36383623827e-06
0.575757575758	1.36399016451e-06
0.585858585859	1.36288678358e-06
0.59595959596	1.36050614146e-06
0.606060606061	1.35682837068e-06
0.616161616162	1.35183369076e-06
0.626262626263	1.34550240891e-06
0.636363636364	1.33781492042e-06
0.646464646465	1.32875170928e-06
0.656565656566	1.31829334866e-06
0.666666666667	1.30642050143e-06
0.676767676768	1.2931139206e-06
0.686868686869	1.27835444987e-06
0.69696969697	1.26212302406e-06
0.707070707071	1.24440066959e-06
0.717171717172	1.22516850488e-06
0.727272727273	1.20440774084e-06
0.737373737374	1.18209968126e-06
0.747474747475	1.15822572326e-06
0.757575757576	1.13276735764e-06
0.767676767677	1.10570616933e-06
0.777777777778	1.07702383774e-06
0.787878787879	1.04670213714e-06
0.79797979798	1.01472293703e-06
0.808080808081	9.81068202484e-07
0.818181818182	9.45719994511e-07
0.828282828283	9.08660470354e-07
0.838383838384	8.69871883847e-07
0.848484848485	8.29336585723e-07
0.858585858586	7.87037023905e-07
0.868686868687	7.42955743804e-07
0.878787878788	6.97075388626e-07
0.888888888889	6.49378699617e-07
0.89898989899	5.99848516362e-07
0.909090909091	5.48467777013e-07
0.919191919192	4.95219518565e-07
0.929292929293	4.40086877087e-07
0.939393939394	3.83053087945e-07
0.949494949495	3.24101486041e-07
0.959595959596	2.63215506019e-07
0.969696969697	2.00378682472e-07
0.979797979798	1.35574650145e-07
0.989898989899	6.87871441207e-08
1.0	0.0


0.0	1.09276624685e-10
0.010101010101	2.58154997842e-07
0.020202020202	5.15367052306e-07
0.030303030303	7.70678776972e-07
0.040404040404	1.0233626971e-06
0.0505050505051	1.27277767229e-06
0.0606060606061	1.51835224302e-06
0.0707070707071	1.75957436074e-06
0.0808080808081	1.99598426896e-06
0.0909090909091	2.22716918576e-06
0.10101010101	2.45275911431e-06
0.111111111111	2.6724234052e-06
0.121212121212	2.88586784402e-06
0.131313131313	3.09283211954e-06
0.141414141414	3.29308757581e-06
0.151515151515	3.48643518247e-06
0.161616161616	3.67270367574e-06
0.171717171717	3.85174783696e-06
0.181818181818	4.02344688336e-06
0.191919191919	4.18770295325e-06
0.20202020202	4.34443967169e-06
0.212121212121	4.49360078633e-06
0.222222222222	4.6351488659e-06
0.232323232323	4.76906405519e-06
0.242424242424	4.89534288222e-06
0.252525252525	5.01399711435e-06
0.262626262626	5.12505266051e-06
0.272727272727	5.22854851794e-06
0.282828282828	5.3245357617e-06
0.292929292929	5.41307657598e-06
0.30303030303	5.49424332596e-06
0.313131313131	5.56811767006e-06
0.323232323232	5.6347897114e-06
0.333333333333	5.69435718797e-06
0.343434343434	5.74692470115e-06
0.353535353535	5.79260298187e-06
0.363636363636	5.83150819362e-06
0.373737373737	5.86376127222e-06
0.383838383838	5.88948730101e-06
0.393939393939	5.90881492121e-06
0.40404040404	5.92187577659e-06
0.414141414141	5.92880399129e-06
0.424242424242	5.9297356806e-06
0.434343434343	5.92480849318e-06
0.444444444444	5.91416118377e-06
0.454545454545	5.89793321602e-06
0.464646464646	5.87626439372e-06
0.474747474747	5.84929451963e-06
0.484848484848	5.81716308112e-06
0.494949494949	5.78000896091e-06
0.505050505051	5.73797017241e-06
0.515151515152	5.69118361841e-06
0.525252525253	5.63978487165e-06
0.535353535354	5.58390797681e-06
0.545454545455	5.52368527203e-06
0.555555555556	5.45924722981e-06
0.565656565657	5.39072231562e-06
0.575757575758	5.31823686293e-06
0.585858585859	5.24191496481e-06
0.59595959596	5.16187837964e-06
0.606060606061	5.07824645097e-06
0.616161616162	4.99113604053e-06
0.626262626263	4.90066147285e-06
0.636363636364	4.80693449123e-06
0.646464646465	4.71006422437e-06
0.656565656566	4.61015716191e-06
0.666666666667	4.50731713941e-06
0.676767676768	4.40164533095e-06
0.686868686869	4.29324024933e-06
0.69696969697	4.18219775301e-06
0.707070707071	4.06861105899e-06
0.717171717172	3.95257076126e-06
0.727272727273	3.83416485462e-06
0.737373737374	3.71347876221e-06
0.747474747475	3.59059536777e-06
0.757575757576	3.4655950509e-06
0.767676767677	3.3385557258e-06
0.777777777778	3.20955288226e-06
0.787878787879	3.07865962959e-06
0.79797979798	2.94594674189e-06
0.808080808081	2.8114827056e-06
0.818181818182	2.67533376799e-06
0.828282828283	2.53756398706e-06
0.838383838384	2.39823528221e-06
0.848484848485	2.25740748546e-06
0.858585858586	2.11513839338e-06
0.868686868687	1.97148381908e-06
0.878787878788	1.82649764433e-06
0.888888888889	1.68023187158e-06
0.89898989899	1.53273667595e-06
0.909090909091	1.38406045676e-06
0.919191919192	1.23424988853e-06
0.929292929293	1.08334997171e-06
0.939393939394	9.31404082535e-07
0.949494949495	7.78454022371e-07
0.959595959596	6.24540066133e-07
0.969696969697	4.69701010027e-07
0.979797979798	3.13974218333e-07
0.989898989899	1.5739566928e-07
1.0	0.0


0.0	1.0927672367e-10
0.010101010101	3.48589783629e-07
0.020202020202	6.37034399322e-07
0.030303030303	8.50494336553e-07
0.040404040404	9.94248157239e-07
0.0505050505051	1.08114704706e-06
0.0606060606061	1.12531927063e-06
0.0707070707071	1.13922391131e-06
0.0808080808081	1.1326858681e-06
0.0909090909091	1.11294469313e-06
0.10101010101	1.0851024199e-06
0.111111111111	1.05264433495e-06
0.121212121212	1.01789499429e-06
0.131313131313	9.82371978747e-07
0.141414141414	9.47043232752e-07
0.151515151515	9.1250748453e-07
0.161616161616	8.79118019704e-07
0.171717171717	8.47066511311e-07
0.181818181818	8.16439367275e-07
0.191919191919	7.87255427835e-07
0.20202020202	7.59491098845e-07
0.212121212121	7.33097050817e-07
0.222222222222	7.08009262358e-07
0.232323232323	6.84156272022e-07
0.242424242424	6.61463887984e-07
0.252525252525	6.39858193675e-07
0.262626262626	6.19267412575e-07
0.272727272727	5.99623011553e-07
0.282828282828	5.8086029914e-07
0.292929292929	5.62918691527e-07
0.30303030303	5.45741763452e-07
0.313131313131	5.29277163026e-07
0.323232323232	5.13476443831e-07
0.333333333333	4.98294849854e-07
0.343434343434	4.83691077572e-07
0.353535353535	4.69627029727e-07
0.363636363636	4.56067572238e-07
0.373737373737	4.42980299081e-07
0.383838383838	4.30335309708e-07
0.393939393939	4.18105000782e-07
0.40404040404	4.06263872854e-07
0.414141414141	3.94788351813e-07
0.424242424242	3.83656625535e-07
0.434343434343	3.72848494029e-07
0.444444444444	3.62345232976e-07
0.454545454545	3.52129469132e-07
0.464646464646	3.42185067031e-07
0.474747474747	3.32497026246e-07
0.484848484848	3.23051387438e-07
0.494949494949	3.13835147387e-07
0.505050505051	3.04836181414e-07
0.515151515152	2.96043173148e-07
0.525252525253	2.87445550279e-07
0.535353535354	2.79033426387e-07
0.545454545455	2.70797547423e-07
0.555555555556	2.62729243692e-07
0.565656565657	2.54820385099e-07
0.575757575758	2.47063341242e-07
0.585858585859	2.39450943984e-07
0.59595959596	2.31976454005e-07
0.606060606061	2.24633529648e-07
0.616161616162	2.17416198734e-07
0.626262626263	2.10318832211e-07
0.636363636364	2.03336120552e-07
0.646464646465	1.96463051597e-07
0.656565656566	1.89694890508e-07
0.666666666667	1.83027160842e-07
0.676767676768	1.76455627658e-07
0.686868686869	1.69976281653e-07
0.69696969697	1.63585324406e-07
0.707070707071	1.57279154871e-07
0.717171717172	1.51054356985e-07
0.727272727273	1.44907688115e-07
0.737373737374	1.38836068046e-07
0.747474747475	1.32836569424e-07
0.757575757576	1.26906408236e-07
0.767676767677	1.21042935237e-07
0.777777777778	1.1524362823e-07
0.787878787879	1.09506084281e-07
0.79797979798	1.03828013083e-07
0.808080808081	9.82072303697e-08
0.818181818182	9.26416520171e-08
0.828282828283	8.71292883206e-08
0.838383838384	8.16682387642e-08
0.848484848485	7.62566872297e-08
0.858585858586	7.08928973302e-08
0.868686868687	6.55752081457e-08
0.878787878788	6.03020301922e-08
0.888888888889	5.50718417396e-08
0.89898989899	4.98831851077e-08
0.909090909091	4.47346635717e-08
0.919191919192	3.96249380974e-08
0.929292929293	3.45527244359e-08
0.939393939394	2.95167904845e-08
0.949494949495	2.45159535513e-08
0.959595959596	1.95490780356e-08
0.969696969697	1.46150730856e-08
0.979797979798	9.71289044904e-09
0.989898989899	4.84152243652e-09
1.0	0.0


