3
0.1
1.0
10.0
100
0.01
0.0120450354026
0.014508287785
0.0174752840001
0.0210490414451
0.0253536449397
0.0305385550883
0.0367837977183
0.0443062145758
0.0533669923121
0.0642807311728
0.0774263682681
0.0932603346883
0.112332403298
0.135304777458
0.162975083462
0.196304065004
0.236448941265
0.284803586844
0.343046928631
0.413201240012
0.497702356433
0.599484250319
0.722080901839
0.869749002618
1.04761575279
1.26185688307
1.51991108295
1.8307382803
2.2051307399
2.65608778295
3.1992671378
3.85352859371
4.64158883361
5.59081018251
6.73415065775
8.1113083079
9.77009957299
11.7681195243
14.1747416293
17.0735264747
20.5651230835
24.7707635599
29.8364724028
35.938136638
43.2876128108
52.14008288
62.8029144183
75.6463327555
91.1162756115
109.749876549
132.194114847
159.228279334
191.791026167
231.012970008
278.255940221
335.160265094
403.70172586
486.260158007
585.702081806
705.480231072
849.753435909
1023.5310219
1232.84673944
1484.96826225
1788.64952906
2154.43469003
2595.0242114
3125.71584969
3764.93580679
4534.87850813
5462.27721768
6579.33224658
7924.82898354
9545.48456662
11497.569954
13848.8637139
16681.005372
20092.3300257
24201.2826479
29150.5306283
35111.9173422
42292.4287439
50941.3801482
61359.0727341
73907.2203353
89021.5085445
107226.722201
129154.966501
155567.614393
187381.742286
225701.971963
271858.824273
327454.916288
394420.605944
475081.01621
572236.765935
689261.210435
830217.568132
1000000.0
