7.00993604712e+23	1.90967055174e+17	9.17628389056e+18	1.84936980914e+19	1.22171135159e+19	
1.408459481e+24	3.83697308522e+17	1.84372923792e+19	3.71581484347e+19	2.45470275996e+19	
2.82992325866e+24	7.70937291641e+17	3.7043019091e+19	7.46593777972e+19	4.93206977354e+19	
5.52908405717e+24	1.54841043778e+18	7.17741756481e+19	1.50008084695e+20	9.90967728555e+19	
9.96166406319e+24	2.9755635455e+18	1.28160399944e+20	3.01401190817e+20	1.99108504088e+20	
1.67368284012e+25	5.27069316657e+18	2.13711368277e+20	6.05585208074e+20	4.0005536989e+20	
2.66225329724e+25	8.74292126798e+18	3.3961560403e+20	1.21676174905e+21	8.03804427673e+20	
4.0887734464e+25	1.38198975147e+19	5.18513390006e+20	2.42616357918e+21	1.61503030574e+21	
6.08930348363e+25	2.10833479522e+19	7.70649385734e+20	4.51419871654e+21	3.24497194106e+21	
8.90501321618e+25	3.12208148763e+19	1.12178424904e+21	7.7775653307e+21	6.45492826885e+21	
1.27660018432e+26	4.53128581822e+19	1.60918741966e+21	1.26350343929e+22	1.19416818588e+22	
1.79206777477e+26	6.47200360994e+19	2.27225841419e+21	1.96546494665e+22	2.04850188354e+22	
2.51572941634e+26	9.10280028041e+19	3.15820461187e+21	2.95813041251e+22	3.32038789203e+22	
3.47829483893e+26	1.27521379797e+20	4.36407583923e+21	4.36289376577e+22	5.15296673368e+22	
4.77327540176e+26	1.75079838672e+20	6.01427809658e+21	6.27889512692e+22	7.74402112698e+22	
6.52244375165e+26	2.40611562063e+20	8.15652883873e+21	8.92363069562e+22	1.13609582975e+23	
8.78897192781e+26	3.26212246825e+20	1.10243952449e+22	1.25090168431e+23	1.63656439008e+23	
1.18575751339e+27	4.38933480884e+20	1.49147474439e+22	1.73430225963e+23	2.32655790442e+23	
1.57874781997e+27	5.95290056682e+20	1.96911914056e+22	2.39873313725e+23	3.26593462841e+23	
2.10802222157e+27	7.93128998571e+20	2.62775552207e+22	3.25756788695e+23	4.51565525768e+23	
2.6886424039e+27	1.0403719884e+21	3.3350085337e+22	4.42697735368e+23	6.2085367981e+23	
3.47529724653e+27	1.33399353281e+21	4.34922435104e+22	5.94727792485e+23	8.51515376609e+23	
4.48915260153e+27	1.7298093825e+21	5.59423544962e+22	7.93320219915e+23	1.15334531381e+24	
5.69374203719e+27	2.22647923506e+21	7.0060615448e+22	1.07715971726e+24	1.54771594038e+24	
7.09053555171e+27	2.81423721639e+21	8.95555500993e+22	1.37635704957e+24	2.07370719258e+24	
9.01941127213e+27	3.52987839626e+21	1.11310881734e+23	1.77701291869e+24	2.79362976907e+24	
1.13955312336e+28	4.50303136975e+21	1.42197484133e+23	2.31273990691e+24	3.59993249897e+24	
1.4277304109e+28	5.60397858138e+21	1.78911160728e+23	2.91236901483e+24	4.59020734841e+24	
1.82454313262e+28	7.13148206048e+21	2.24152160681e+23	3.70072003219e+24	6.02606273865e+24	
2.26915034526e+28	9.00690355986e+21	2.86794744697e+23	4.67473459679e+24	7.59211786685e+24	
2.89111089514e+28	1.12693023351e+22	3.55957938326e+23	5.85896247115e+24	9.49941514421e+24	
3.63318773234e+28	1.43914910769e+22	4.53570995282e+23	7.46234265514e+24	1.21230914015e+25	
4.54340271343e+28	1.78306944497e+22	5.68942038272e+23	9.27001048024e+24	1.50299054705e+25	
5.78627433439e+28	2.26765615985e+22	7.1174857408e+23	1.17398275405e+25	1.91155895287e+25	
7.14158500898e+28	2.83380240853e+22	9.02561813044e+23	1.47283626403e+25	2.38827924138e+25	
9.00726681269e+28	3.51282880991e+22	1.11363436331e+24	1.82466822873e+25	2.95914222687e+25	
1.11338276992e+29	4.41318191095e+22	1.38972977617e+24	2.29177785807e+25	3.72017532029e+25	
1.36375976981e+29	5.34142639625e+22	1.70296780325e+24	2.77712872722e+25	4.5026634039e+25	
1.67441908409e+29	6.56447952748e+22	2.06402072174e+24	3.40953447139e+25	5.53228320082e+25	
1.99577457456e+29	7.86716545833e+22	2.50362244136e+24	4.08705436943e+25	6.62640856931e+25	
2.38356601987e+29	9.3286811506e+22	2.96876166972e+24	4.83573078386e+25	7.85575427445e+25	
2.82402842024e+29	1.11628906542e+23	3.51616881027e+24	5.79950629874e+25	9.40906730722e+25	
3.3619588818e+29	1.31847239026e+23	4.1922452156e+24	6.85348899772e+25	1.11105419573e+26	
4.09784089571e+29	1.60605535898e+23	5.07265639354e+24	8.34814030058e+25	1.35396539602e+26	
5.09491217272e+29	1.99567594322e+23	6.34639737118e+24	1.03723688889e+26	1.6820258672e+26	
6.54568470291e+29	2.5710970292e+23	8.17544769012e+24	1.33621168748e+26	2.16620410432e+26	
8.77103922614e+29	3.4462477312e+23	1.08706500184e+25	1.79121890716e+26	2.90225568811e+26	
1.20575601431e+30	4.74653332508e+23	1.50477142378e+25	2.4650450839e+26	3.99813907983e+26	
1.7137418959e+30	6.72258025741e+23	1.96251096353e+25	3.50612148022e+26	5.66985826422e+26	
2.4854722887e+30	9.73948413314e+23	2.26147282679e+25	5.09617079762e+26	8.21549572707e+26	
3.64981283467e+30	1.43618320817e+24	2.41821927617e+25	7.5637329823e+26	1.21402616225e+27	
5.4483108326e+30	2.14255278713e+24	2.55926216341e+25	1.14085465369e+27	1.81477122181e+27	
8.17456475758e+30	3.21911633321e+24	2.5951690119e+25	1.74291920119e+27	2.73867664779e+27	
1.23580131857e+31	4.84734123743e+24	2.55418067806e+25	2.65604789363e+27	4.14819731768e+27	
1.87151253183e+31	7.34343312605e+24	2.64615195883e+25	3.42052543512e+27	6.34934504462e+27	
2.83255303443e+31	1.11584835527e+25	2.71849254735e+25	3.8410272019e+27	9.80203667907e+27	
4.32294853883e+31	1.69826057613e+25	2.46545335723e+25	4.16128020833e+27	1.53605593901e+28	
6.55295227885e+31	2.58430952744e+25	2.74140116067e+25	4.25011050569e+27	2.47722966071e+28	
9.98936615626e+31	3.91925478206e+25	2.77643950722e+25	4.48818587438e+27	4.4325461165e+28	
1.52161071035e+32	5.99275114533e+25	2.57204826374e+25	4.65163736279e+27	6.9374567219e+28	
2.31480854492e+32	9.10445482696e+25	2.91048898283e+25	4.54235392083e+27	8.5681270821e+28	
3.53682360249e+32	1.38814227305e+26	3.30599652344e+25	4.55206990889e+27	9.50242820055e+28	
5.37254584141e+32	2.04377051001e+26	3.5891193488e+25	4.53863815038e+27	1.05582505303e+29	
8.20038351058e+32	2.48827513072e+26	3.65304243576e+25	4.79198703534e+27	9.40643404253e+28	
1.248787206e+33	2.8312321941e+26	2.84964212101e+25	4.85034619489e+27	1.02604902138e+29	
1.90730016767e+33	2.97387164131e+26	3.66303140117e+25	3.91279730009e+27	1.03375655512e+29	
2.90470843354e+33	3.13115548719e+26	4.39883932217e+25	4.25143859253e+27	1.11989192814e+29	
4.41995478909e+33	3.28244510021e+26	3.59110553702e+25	3.79404086783e+27	1.2005427613e+29	
6.7343401299e+33	3.27964549458e+26	3.83821241958e+25	5.89140539356e+27	9.05765592307e+28	
1.02584931652e+34	3.22114490902e+26	4.17766485702e+25	1.62213897483e+28	9.12853566275e+28	
1.5669618239e+34	3.05556765037e+26	7.7290667798e+25	2.29926627397e+28	1.44766130525e+29	
2.39100276066e+34	3.45608508968e+26	1.33485152485e+26	3.69332625284e+28	7.57589704308e+28	
3.64691289909e+34	3.0565921542e+26	1.8544520341e+26	5.08113695242e+28	6.39897865384e+28	
5.54233602828e+34	2.91618544684e+26	2.4556282459e+26	6.26106413425e+28	1.9219092428e+29	
8.45830561168e+34	3.7009685208e+26	2.927827432e+26	7.5373782129e+28	1.06662893305e+29	
1.28933182323e+35	4.4242658486e+26	3.38569482669e+26	8.81804167668e+28	1.51657378877e+28	
1.84255628868e+35	4.8740480693e+26	3.73199014778e+26	1.04459414112e+29	2.48743342689e+28	
2.19971816279e+35	5.29292966254e+26	4.41481576316e+26	1.12267688661e+29	5.66338559673e+28	
2.41307927818e+35	7.3697182047e+26	4.79672789918e+26	1.32691231002e+29	0.0	
2.57094109123e+35	5.44757113475e+26	4.74292646563e+26	1.37298536067e+29	0.0	
2.63288620457e+35	7.07002178043e+26	5.3064300916e+26	1.43407063518e+29	0.0	
2.68517844628e+35	8.64336269867e+26	6.07970634262e+26	1.7190261827e+29	0.0	
2.83068729249e+35	7.03831105782e+26	5.98989628942e+26	1.63283209251e+29	0.0	
2.65154814946e+35	7.38690056073e+26	6.53633340099e+26	1.79116120551e+29	0.0	
2.86323019342e+35	7.62055055403e+26	7.70581606104e+26	2.17893913061e+29	0.0	
2.74714455386e+35	1.23519211015e+27	5.99873696347e+26	2.08503064424e+29	2.14896154838e+28	
2.834699048e+35	1.99461625925e+27	8.73510456089e+26	1.99790641059e+29	2.89501173343e+29	
2.76033155087e+35	2.92740772205e+27	7.03395165568e+26	2.16103238582e+29	7.99492860919e+29	
3.47011073597e+35	3.76100515445e+27	6.53059171078e+26	2.10460862125e+29	1.40995448675e+30	
4.11632825583e+35	4.23464635955e+27	7.92991728011e+26	1.98350683392e+29	2.03822591313e+30	
4.510830094e+35	5.40804679223e+27	6.78589847509e+26	1.90587474827e+29	2.78083104234e+30	
4.66845012893e+35	5.95524289034e+27	6.43487602626e+26	1.83915103165e+29	3.49645957957e+30	
6.39385448197e+35	6.43814129704e+27	6.0283019963e+26	1.73631879799e+29	4.06336356166e+30	
4.49465516184e+35	7.23056844359e+27	5.74870967272e+26	1.69835984256e+29	4.83707037229e+30	
5.60244318192e+35	7.86889495258e+27	5.52526401404e+26	1.61100422504e+29	5.50425804932e+30	
6.93319955894e+35	8.47600887758e+27	5.2627987354e+26	1.55982406889e+29	6.08921227004e+30	
6.02870621508e+35	8.17322950093e+27	5.10740686216e+26	1.51793917679e+29	6.87472784941e+30	
6.9116051046e+35	1.03561343086e+28	4.99533274303e+26	1.46382856234e+29	7.99259732284e+30	
7.73508965602e+35	1.21854222401e+28	4.98131351187e+26	1.48048400031e+29	9.09652284661e+30	
1.15668930936e+36	1.11317576538e+28	5.67946561997e+26	1.6698359541e+29	1.25204047886e+31	
