0.0	0.0	0.0	0.0	0.0	0.0	0.0	0.0	0.0	0.0	
0.0	0.0	0.0	0.0	0.0	0.0	0.0	0.0	0.0	0.0	
0.0	0.0	0.0	0.0	0.0	0.0	0.0	0.0	0.0	0.0	
0.0	0.0	0.0	0.0	0.0	0.0	0.0	0.0	0.0	0.0	
0.0	0.0	0.0	0.0	0.0	0.0	0.0	0.0	0.0	0.0	
0.0	0.0	0.0	0.0	0.0	0.0	0.0	0.0	0.0	0.0	
0.0	0.0	0.0	0.0	0.0	0.0	0.0	0.0	0.0	0.0	
0.0	0.0	0.0	0.0	0.0	0.0	0.0	0.0	0.0	0.0	
0.0	0.0	0.0	0.0	0.0	0.0	0.0	0.0	0.0	0.0	
0.0	0.0	0.0	0.0	0.0	0.0	0.0	0.0	0.0	0.0	
0.0	0.0	0.0	0.0	0.0	0.0	0.0	0.0	0.0	0.0	
0.0	0.0	0.0	0.0	0.0	0.0	0.0	0.0	0.0	0.0	
0.0	0.0	0.0	0.0	0.0	0.0	0.0	0.0	0.0	0.0	
0.0	0.0	0.0	0.0	0.0	0.0	0.0	0.0	0.0	0.0	
0.0	0.0	0.0	0.0	0.0	0.0	0.0	0.0	0.0	0.0	
0.0	0.0	0.0	0.0	0.0	0.0	0.0	0.0	0.0	0.0	
0.0	0.0	0.0	0.0	0.0	0.0	0.0	0.0	0.0	0.0	
0.0	0.0	0.0	0.0	0.0	0.0	0.0	0.0	0.0	0.0	
0.0	0.0	0.0	0.0	0.0	0.0	0.0	0.0	0.0	0.0	
0.0	0.0	0.0	0.0	0.0	0.0	0.0	0.0	0.0	0.0	
0.0	0.0	0.0	0.0	0.0	0.0	0.0	0.0	0.0	0.0	
0.0	0.0	0.0	0.0	0.0	0.0	0.0	0.0	0.0	0.0	
0.0	0.0	0.0	0.0	0.0	0.0	0.0	0.0	0.0	0.0	
0.0	0.0	0.0	0.0	0.0	0.0	0.0	0.0	0.0	0.0	
0.0	0.0	0.0	0.0	0.0	0.0	0.0	0.0	0.0	0.0	
0.0	0.0	0.0	0.0	0.0	0.0	0.0	0.0	0.0	0.0	
0.0	0.0	0.0	0.0	0.0	0.0	0.0	0.0	0.0	0.0	
0.0	0.0	0.0	0.0	0.0	0.0	0.0	0.0	0.0	0.0	
0.0	0.0	0.0	0.0	0.0	0.0	0.0	0.0	0.0	0.0	
0.0	0.0	0.0	0.0	0.0	0.0	0.0	0.0	0.0	0.0	
0.0	0.0	0.0	0.0	0.0	0.0	0.0	0.0	0.0	0.0	
0.0	0.0	0.0	0.0	0.0	0.0	0.0	0.0	0.0	0.0	
0.0	0.0	0.0	0.0	0.0	0.0	0.0	0.0	0.0	0.0	
0.0	0.0	0.0	0.0	0.0	0.0	0.0	0.0	0.0	0.0	
0.0	0.0	0.0	0.0	0.0	0.0	0.0	0.0	0.0	0.0	
0.0	0.0	0.0	0.0	0.0	0.0	0.0	0.0	0.0	0.0	
0.0	0.0	0.0	0.0	0.0	0.0	0.0	0.0	0.0	0.0	
0.0	0.0	0.0	0.0	0.0	0.0	0.0	0.0	0.0	0.0	
0.0	0.0	0.0	0.0	0.0	0.0	0.0	0.0	0.0	0.0	
0.0	0.0	0.0	0.0	0.0	0.0	0.0	0.0	0.0	0.0	
0.0	0.0	0.0	0.0	0.0	0.0	0.0	0.0	0.0	0.0	
0.0	0.0	0.0	0.0	0.0	0.0	0.0	0.0	0.0	0.0	
0.0	0.0	0.0	0.0	0.0	0.0	0.0	0.0	0.0	0.0	
0.0	0.0	0.0	0.0	0.0	0.0	0.0	0.0	0.0	0.0	
0.0	0.0	0.0	0.0	0.0	0.0	0.0	0.0	0.0	0.0	
0.0	0.0	0.0	0.0	0.0	0.0	0.0	0.0	0.0	0.0	
0.0	0.0	0.0	0.0	0.0	0.0	0.0	0.0	0.0	0.0	
0.0	0.0	0.0	0.0	0.0	0.0	0.0	0.0	0.0	0.0	
0.0	0.0	0.0	0.0	0.0	0.0	0.0	0.0	0.0	0.0	
0.0	0.0	0.0	0.0	0.0	0.0	0.0	0.0	0.0	0.0	
0.0	0.0	0.0	0.0	0.0	0.0	0.0	0.0	0.0	0.0	
0.0	0.0	0.0	0.0	0.0	0.0	0.0	0.0	0.0	0.0	
0.0	0.0	0.0	0.0	0.0	0.0	0.0	0.0	0.0	0.0	
0.0	0.0	0.0	0.0	0.0	0.0	0.0	0.0	0.0	0.0	
0.0	0.0	0.0	0.0	0.0	0.0	0.0	0.0	0.0	0.0	
0.0	0.0	0.0	0.0	nan	0.0	0.0	0.0	0.0	0.0	
0.0	0.0	0.0	0.0	0.0	0.0	0.0	0.0	0.0	0.0	
0.0	0.0	0.0	0.0	nan	0.0	0.0	0.0	0.0	0.0	
0.0	0.0	0.0	0.0	0.0	0.0	0.0	0.0	0.0	0.0	
0.0	0.0	0.0	0.0	0.0	0.0	0.0	0.0	0.0	0.0	
0.0	0.0	0.0	0.0	0.0	0.0	0.0	0.0	0.0	0.0	
0.0	0.0	0.0	0.0	0.0	0.0	0.0	0.0	0.0	0.0	
0.0	0.0	0.0	0.0	0.0	0.0	0.0	0.0	0.0	0.0	
0.0	0.0	0.0	0.0	0.0	0.0	0.0	0.0	0.0	0.0	
0.0	0.0	0.0	0.0	0.0	0.0	0.0	0.0	0.0	0.0	
0.0	0.0	0.0	0.0	0.0	0.0	0.0	0.0	0.0	0.0	
0.0	0.0	0.0	0.0	0.0	0.0	0.0	0.0	0.0	0.0	
0.0	0.0	0.0	0.0	0.0	0.0	0.0	0.0	0.0	0.0	
0.0	0.0	0.0	0.0	0.0	0.0	0.0	0.0	0.0	0.0	
0.0	0.0	0.0	0.0	0.0	0.0	0.0	0.0	0.0	0.0	
0.0	0.0	0.0	0.0	0.0	0.0	0.0	0.0	0.0	0.0	
0.0	0.0	0.0	0.0	0.0	0.0	0.0	0.0	0.0	0.0	
0.0	0.0	0.0	0.0	0.0	0.0	0.0	0.0	0.0	0.0	
0.0	0.0	0.0	0.0	nan	0.0	0.0	0.0	0.0	0.0	
0.0	0.0	0.0	0.0	0.0	0.0	0.0	0.0	0.0	0.0	
0.0	0.0	0.0	0.0	0.0	0.0	0.0	0.0	0.0	0.0	
0.0	0.0	0.0	0.0	0.0	0.0	0.0	0.0	0.0	0.0	
0.0	0.0	0.0	0.0	0.0	0.0	0.0	0.0	0.0	0.0	
0.0	0.0	0.0	0.0	0.0	0.0	0.0	0.0	0.0	0.0	
0.0	0.0	0.0	0.0	0.0	0.0	0.0	0.0	0.0	0.0	
0.0	0.0	0.0	0.0	0.0	0.0	0.0	0.0	0.0	0.0	
0.0	0.0	0.0	0.0	0.0	0.0	0.0	0.0	0.0	0.0	
0.0	0.0	0.0	0.0	0.0	0.0	0.0	0.0	0.0	0.0	
0.0	0.0	0.0	0.0	0.0	0.0	0.0	0.0	0.0	0.0	
0.0	0.0	0.0	0.0	0.0	0.0	0.0	0.0	0.0	0.0	
0.00494544064014	0.00495933234096	0.0	0.0	0.000642793992477	0.000430578317295	0.0	0.0	0.0	0.0	
0.00947461616913	0.00949367757472	0.0	0.0	0.00115685295983	0.000617282814126	0.0	0.0	0.0	0.0	
0.0114220240543	0.0114360484963	0.0	0.0	0.00121564226773	0.00071516010403	0.0	0.0	0.0	0.0	
0.0123682134774	0.0123739800567	0.00146434714746	0.00148158273293	0.00131741831757	0.00076996613855	0.0	0.0	0.0	0.0	
0.0127420176345	0.0127385632211	0.00243571049444	0.00246550618513	0.00108923199454	0.000798595791524	0.0	0.0	0.0	0.0	
0.0127496617352	0.0127371744645	0.00296588892109	0.00300140635358	0.00128172679501	0.000873320124102	0.0	0.0	0.0	0.0	
0.0148577894593	0.0148332285469	0.00328655091172	0.00332745379378	0.00164854047055	0.00100833865285	0.0	0.0	0.0	0.0	
0.015936646504	0.0159001129916	0.00342920240945	0.00347445032768	0.00164885532043	0.00108391336748	0.0	0.0	0.0	0.0	
0.0162844427597	0.0162373492985	0.00358058768653	0.00362867932078	0.00171039044031	0.00114477548678	0.0	0.0	0.0	0.0	
0.0171242458268	0.0170651363998	0.00424577525334	0.00430464348416	0.00188318386248	0.00124126519679	0.0	0.0	0.0	0.0	
0.0174861618175	0.0174167069706	0.00461436703715	0.00468250160351	0.00196893910459	0.00129561544545	0.0	0.0	0.0	0.0	
0.0179317173482	0.0178518750042	0.00481455519041	0.00488418006192	0.00197727183366	0.00139278701956	0.0	0.0	0.0	0.0	
0.0181839940706	0.0180950162448	0.00523776335683	0.00531472739664	0.00205130552473	0.0014580865243	0.0	0.0	0.0	0.0	
0.0183047439113	0.0182077912763	0.00547544892989	0.0055550045268	0.00199783291728	0.0015151492424	0.0	0.0	0.0	0.0	
0.0182173408813	0.0181141587314	0.00581658740104	0.0059033044632	0.00205255926481	0.00156992573787	0.0	0.0	0.0	0.0	
0.0179562442476	0.0178485639855	0.00605491868261	0.00614692835466	0.00201891045012	0.00159896713587	0.0	0.0	0.0	0.0	
0.0174653379596	0.0173553447054	0.0062977051599	0.00639225638281	0.0020536699417	0.00162672959477	0.000166194538125	0.000114929709111	0.0	0.0	
0.017137704759	0.0170251314084	0.00648524806338	0.00658325256006	0.00208658139832	0.00166802385772	0.000278392329811	0.000188882353648	0.0	0.0	
0.0167617885993	0.0166476025386	0.00659328186383	0.00669498053792	0.00191646587842	0.00169107166	0.000316582040201	0.000226440592526	0.0	0.0	
0.0161548371917	0.0160412630918	0.0066570141696	0.00675908374053	0.00190705644313	0.00170927421254	0.000338849766115	0.000248213115169	0.0	0.0	
0.0158294254725	0.0157150552816	0.00677970800429	0.00688373996923	0.00202803384893	0.00175271759419	0.000346894254248	0.000260652595657	0.0	0.0	
0.015404639255	0.0152906630458	0.00685865545392	0.00696458986974	0.0020102407669	0.00177187041739	0.000361023759926	0.000273445034776	0.0	0.0	
0.0147708829299	0.0146593124339	0.00687688696909	0.00698267937819	0.00195955290229	0.00178185590678	0.000421803422731	0.000326395406007	0.0	0.0	
0.0142741040357	0.0141643283073	0.00700418751023	0.00711245078886	0.00193820587621	0.00180022010649	0.000454789422113	0.000357122574523	0.00012953586453	6.91626513531e-05	
0.0138397548822	0.0137316342223	0.00706368420987	0.00717262752553	0.00192586506375	0.00182653287637	0.0004759908491	0.000374642877334	0.000199907619348	0.000110949022525	
0.0133169480758	0.0132114787766	0.00704334701378	0.00715172353328	0.00190789377352	0.00184706381139	0.000500017822286	0.000409888608255	0.000234207923846	0.000132371065896	
0.0128920862008	0.0127887558396	0.00707378580058	0.00718319757123	0.00193032350357	0.00186175020125	0.000509370697475	0.00043089712564	0.000258402275032	0.00014478283399	
0.0123748258574	0.0122746019142	0.00714492462131	0.00725467003555	0.00191616446311	0.00187964756609	0.000542137036315	0.000460441499085	0.000251327929835	0.000151837533502	
0.0119192430119	0.0118218264498	0.00716645198552	0.00727636083032	0.00189621570255	0.00190109075759	0.000563647831188	0.000482165440417	0.000264493802124	0.000160422426761	
0.0115517172982	0.0114565524194	0.00720144717912	0.00731209983801	0.00190752096906	0.00192170670394	0.000595248126547	0.000504336067348	0.000300503484144	0.000190576666716	
0.0110930990182	0.0110010769206	0.00720978496464	0.00731977444679	0.00189321818481	0.00194181980866	0.000593881951613	0.000522373061106	0.000319619567264	0.000208049676581	
0.0106997874318	0.0106104906691	0.00723075089633	0.00734110921305	0.00190269429681	0.00195300294833	0.000590767864094	0.000534342820201	0.000329622641191	0.000217944886143	
0.0103160081889	0.0102295850832	0.00728763301624	0.00739827746492	0.0018982187427	0.00198088976629	0.000586982129002	0.000542555562143	0.000344439853456	0.000238620234873	
0.00993152703974	0.00984806227423	0.00730057073288	0.00741091306358	0.00188848117937	0.00200703905562	0.000608391787247	0.000555763475031	0.000364441910659	0.000250462952039	
0.00958998305533	0.00950915696427	0.00731501980575	0.00742498967253	0.00190877922675	0.00202312748183	0.000610362384092	0.000565628708081	0.000373201021065	0.000267743579918	
0.00925949138902	0.00918124700583	0.00735747598336	0.00746756745921	0.00192482539265	0.00205308678453	0.000615515331564	0.000570412295405	0.000374836610968	0.000280206663986	
0.00888967116146	0.00881437392702	0.00738988001405	0.00749982411472	0.00195119056974	0.00207530329799	0.000629460645029	0.000584453146537	0.000395555952393	0.000292618614951	
0.00859192197478	0.00851899021207	0.00741335602317	0.00752279367876	0.00195100390038	0.00209182936442	0.00062623532823	0.000592970899707	0.000377995506959	0.000302895287402	
0.00826065954457	0.0081904029477	0.00746466158946	0.00757418350907	0.00196687227395	0.00211723532345	0.000624891231433	0.000594779347075	0.000389017644466	0.00030940328915	
0.00793650108198	0.00786888238518	0.00747559381546	0.00758434926637	0.00196810225938	0.00213581468261	0.000628133577942	0.000601078506929	0.00038010582798	0.000313993214312	
0.00766597171142	0.00760055374909	0.00750310855761	0.00761128161155	0.00198012839213	0.00215778889812	0.000633248331402	0.00061077570522	0.000381200709494	0.000321395730531	
0.00736859040186	0.0073056194606	0.00752205069743	0.00762945856447	0.00199827816264	0.00218366904068	0.000634540306011	0.000616385853402	0.000375609242704	0.000326586165356	
0.00709219659466	0.00703150892593	0.00751225477226	0.00761839973176	0.00202053430939	0.00219919503545	0.000637368205154	0.000623354933291	0.000366717024361	0.000329101361061	
0.00684072218453	0.0067821178102	0.00755433204789	0.00765984361286	0.00202342330102	0.00222649825946	0.000639175008923	0.000627955099732	0.000381001263095	0.000336837323449	
0.00656687389391	0.00651055637669	0.00756743107422	0.00767177069895	0.00204458259729	0.00225081019485	0.00064578424737	0.000633823496069	0.000390552715291	0.000341111729868	
0.0063331031823	0.00627873918477	0.00755861951939	0.00766143501212	0.00204425794897	0.00226488277364	0.000648815681896	0.000642990575937	0.00037652232978	0.000341788351307	
0.00610042585949	0.00604801494956	0.00759278089499	0.00769449612186	0.00207616053552	0.00229646037283	0.000656049126292	0.000648341126074	0.000378366956696	0.000344690006343	
0.00584796857904	0.00579768860584	0.00759110409615	0.00769114731818	0.00209099613736	0.00231821618805	0.000660526033007	0.000654003980948	0.000372733694637	0.000349717538819	
0.00565075831503	0.00560214118978	0.00759035331796	0.00768856629301	0.00210706033863	0.00233732789089	0.000661743882044	0.000662249843774	0.000379486140238	0.000352360882784	
0.00543727965235	0.00539047123641	0.00760845983401	0.00770500612533	0.00212647753943	0.00236777504795	0.000670557177215	0.000669739624019	0.000374420055674	0.000355418743373	
0.00522198201372	0.0051770031776	0.00758746377239	0.00768168802613	0.00214674328272	0.00238772321983	0.000674874305456	0.000676631696678	0.000379911470923	0.000357334436012	
0.00504139903112	0.00499795525704	0.00759497026423	0.00768707875822	0.00216872284759	0.00241207173535	0.000683940491924	0.000686193803503	0.000377137838574	0.00035987249121	
0.00484586153973	0.00480408549285	0.00759707148195	0.00768687684036	0.0021888299072	0.00244131983915	0.000690084412067	0.0006922012275	0.00037775905622	0.000363871446492	
0.00466244663673	0.00462223717968	0.00755840517141	0.00764527752247	0.00220476537204	0.00245940004451	0.000695577249035	0.000700001076463	0.000379144121661	0.000365903119741	
0.00449734317493	0.00445854521889	0.00757208056747	0.00765645903553	0.00222762925187	0.0024891202792	0.000701806850421	0.000707121507667	0.000379817642418	0.000367703424346	
0.00431708370137	0.00427983040691	0.00755655888847	0.00763798916374	0.00225230629317	0.00251639485083	0.000705026486463	0.000711717359596	0.000381662763563	0.000371087568226	
0.00416141686673	0.00412549808539	0.00751475290128	0.00759279329918	0.00226507123109	0.00253133324747	0.000715496495008	0.00072152870141	0.00038454862601	0.000373900105974	
0.00400892487903	0.00397431491532	0.00751619999097	0.00759115779942	0.00229498433505	0.00256699975838	0.000721065019862	0.000728735439989	0.00038368548903	0.000375930082856	
0.00384293549884	0.0038097523226	0.00747925278774	0.00755059098075	0.00231614103589	0.00259207049208	0.000726410148368	0.000734139379708	0.00038787750576	0.000379531952417	
0.0037120155518	0.00367995751193	0.00743816325536	0.00750572228592	0.00233492803606	0.00261212133084	0.000735506824641	0.000743902709041	0.000386196611861	0.000380997279849	
0.0035719320311	0.00354107920378	0.0074172985796	0.00748112257871	0.00236337155874	0.00264632541572	0.000741432494173	0.000750440168024	0.000384595326389	0.000382938420684	
0.00342849192287	0.00339887404997	0.0073573811173	0.00741701591294	0.00238227533752	0.00266904503435	0.000748232660791	0.000757426319505	0.000386175198731	0.000384581135074	
0.00331003676368	0.00328143856635	0.00731658472354	0.00737208160012	0.00240597831954	0.00269471510956	0.000756504512015	0.000766541856839	0.000385582026631	0.000384638654288	
0.00318136312655	0.00315387328335	0.00727315781951	0.00732440126665	0.0024346386072	0.00272720548773	0.000762163891672	0.000772033853256	0.000387919810894	0.000386926924057	
0.00305925243688	0.00303281449858	0.00718961040102	0.00723623936988	0.00245169843756	0.00274710942791	0.00077064756202	0.000780855838688	0.000388015832474	0.000387848667641	
0.00295049219991	0.00292499091528	0.00714815442328	0.00719038331992	0.00247956104276	0.00277899002888	0.000778529755401	0.000789432590783	0.000388125915518	0.000387244095543	
0.00283226511574	0.00280778231183	0.00708132267089	0.00711894562693	0.00250681808205	0.00280945526484	0.000783555473268	0.000794134623052	0.000389373690738	0.000388898957688	
0.002728881696	0.00270528896344	0.00698539510664	0.00701824987108	0.00252138178722	0.00282615403719	0.00079355253957	0.000804845568685	0.000388819449806	0.000388556355066	
0.00262902080147	0.00260628747572	0.00693090197537	0.00695917655148	0.00255521153195	0.00286489106912	0.000801397600805	0.000812838061311	0.000386370256724	0.000387812574727	
0.00252033680166	0.0024985388949	0.00684065096977	0.0068642142855	0.0025806271674	0.0028929663265	0.000806888561266	0.000818520862992	0.000387791532036	0.000388081106531	
0.00243337296275	0.00241232223917	0.00674278702853	0.00676166475407	0.00259899365239	0.00291413596749	0.000817345691873	0.000829328200235	0.000385137691882	0.000386170634092	
0.00234173477361	0.00232147118651	0.00666567168631	0.00667998747253	0.00263273446676	0.00295239038239	0.000824460947458	0.000836425578348	0.000384873834647	0.00038523245407	
0.00224680699031	0.00222735847577	0.00655306387751	0.00656283234568	0.00265537765378	0.00297779024098	0.000831238888824	0.000843657954565	0.000383523374411	0.000384062877365	
0.00216921943042	0.00215043526043	0.00645424424908	0.00645960735977	0.00267985090289	0.00300511103588	0.000841239917744	0.000853664964244	0.000380507062099	0.000380644598348	
0.00208509628764	0.00206703233241	0.0063563310619	0.00635741873305	0.00271209791072	0.0030414101086	0.000846979227807	0.000859741442465	0.000378639885978	0.000379371776684	
0.00200425584259	0.00198688289488	0.00622384151593	0.00622081423911	0.00273194893603	0.00306367481984	0.000855689939936	0.000868723156588	0.000376117375457	0.00037668917156	
0.00193307729996	0.00191631072737	0.00612552496349	0.006118546912	0.00276228059736	0.00309773321562	0.000864941734789	0.000877938630051	0.000372198898106	0.000372268828908	
0.00185577608911	0.00183966804273	0.0060094796752	0.00599875359528	0.00279259798558	0.00313164339192	0.000869736182959	0.000882888721746	0.000369949602618	0.0003700235099	
0.00178727755146	0.0017717505985	0.00586749626586	0.00585328936295	0.00280950621871	0.00315032605775	0.000880515969789	0.000893738209867	0.000365793821675	0.000365722354802	
0.00172196528397	0.00170699057274	0.00576441017141	0.00574684937904	0.00284636313066	0.00319176091877	0.000888520196443	0.000902005542154	0.000361172455052	0.000360825214461	
0.00165094578727	0.00163657174864	0.00563358138581	0.00561297369521	0.00287436695372	0.00322293090404	0.000893805867933	0.000907250193367	0.000357444338902	0.000356987944262	
0.00159321586402	0.00157932545339	0.00549613685478	0.00547275315203	0.00289396762412	0.00324475556481	0.00090479861211	0.000918434495408	0.000351809533071	0.000351163563672	
0.00153325354709	0.00151986469753	0.00538045144026	0.00535444015818	0.00293178255517	0.00328695131789	0.000911951548632	0.000925555371684	0.000346613802238	0.000345913316169	
0.0014704270098	0.00145756320869	0.00523891892976	0.00521064922569	0.00295705424404	0.00331488347191	0.000918662341484	0.000932323882831	0.000341643558832	0.000340681210074	
0.00141960767128	0.00140716213412	0.00510847579846	0.00507813893421	0.00298254184295	0.00334317083731	0.000928755086444	0.000942495839316	0.000334621102886	0.000333538755905	
0.00136451606211	0.00135252428559	0.00498790997434	0.00495551544542	0.00301828200026	0.00338286343362	0.000934478102277	0.000948228584585	0.000329447993575	0.000328081644044	
0.00131091141624	0.00129935834739	0.00484593391403	0.00481174228351	0.00304017987723	0.00340699960965	0.000942798211668	0.000956580159265	0.000323177314743	0.000321672869581	
0.00126423864486	0.00125306090781	0.00472983873502	0.00469394119548	0.00307204564876	0.00344227463325	0.000951717869703	0.000965524498121	0.000315496227092	0.000313778333902	
0.00121357777369	0.00120280816438	0.00460441639396	0.00456714005371	0.00310515519337	0.00347892968455	0.00095585499969	0.000969627348437	0.000309818221964	0.000307978072007	
0.00116801841582	0.00115760904245	0.00445938929918	0.0044211536088	0.00312330148988	0.00349861721265	0.000965784647007	0.000979566327257	0.000302640412285	0.000300662914165	
0.00112510679046	0.0011150310172	0.00434824210325	0.00430899925065	0.00316202946677	0.00354139935272	0.000973242953967	0.000986993324854	0.000295031521131	0.000292919916688	
0.00107847448633	0.00106876250545	0.00421858555034	0.00417872624262	0.00319218933429	0.00357440170816	0.000976857060231	0.000990463901201	0.000288582355682	0.000286370574757	
0.00103990749066	0.00103048315622	0.0040844181677	0.00404420585843	0.00321136731682	0.00359509012767	0.000987053605806	0.00100061992342	0.000280732575804	0.000278437456874	
0.00100039944211	0.000991267171048	0.00397076927806	0.00393020328153	0.00325198862726	0.00363966546259	0.000992719409122	0.00100616234505	0.000273444952264	0.000271053026071	
0.000958533075005	0.000949710286989	0.00384057440577	0.00380001075867	0.00327844547322	0.00366827027416	0.000997323192361	0.0010106030019	0.00026649114464	0.000264038004386	
0.00092489265173	0.000916298816212	0.0037189952374	0.00367851966299	0.00330340747085	0.00369509881689	0.00100578397601	0.00101891948855	0.000258257925958	0.00025577360849	
0.000888447575803	0.000880103171376	0.00360592099544	0.00356559956429	0.00334093296371	0.00373587003658	0.00100928079565	0.0010222012618	0.000251449499001	0.000248912125392	
0.000852499699682	0.000844394337143	0.00347802847135	0.00343817522078	0.00336302753311	0.00375919150721	0.00101475548943	0.00102745334488	0.000244239665659	0.000241678095567	
0.000821414031821	0.00081349471705	0.00336991935884	0.00333044298048	0.00339403330772	0.00379237644129	0.00102105042692	0.00103349718683	0.00023601860106	0.000233450530786	
0.000787703922543	0.000779988403435	0.00325969254479	0.0032207377751	0.00342777170523	0.00382842299701	0.00102193443079	0.00103406159946	0.00022968669855	0.000227098717396	
0.000756843395679	0.000749295543507	0.00313683477709	0.00309866553604	0.00344463988602	0.00384541126668	0.0010280840351	0.00103990410087	0.000222421633416	0.000219844203472	
0.000728005752494	0.000720595565639	0.00304167071215	0.00300405019094	0.00348190930959	0.00388504097948	0.00103172296036	0.00104319149296	0.000214942281894	0.00021238310567	
0.000696705412773	0.000689447338636	0.00293585063346	0.00289899846123	0.00351097739254	0.00391525238622	0.0010303931088	0.00104142319556	0.000208630449646	0.000206075779643	
0.000670155938826	0.000662988168695	0.00282760758482	0.00279163628369	0.00352585376896	0.00392942808271	0.0010360777378	0.00104670789803	0.0002014821919	0.000198961810469	
0.000643249635896	0.000636161044948	0.00273678527151	0.00270154530356	0.00356524616415	0.00397065500543	0.0010365900744	0.00104673527088	0.000194791177219	0.000192309512822	
0.000614428502579	0.000607424241658	0.00263634505408	0.00260202424907	0.00358856388364	0.00399370757923	0.00103502846134	0.00104464390092	0.000188621362017	0.000186169547988	
0.000591031594037	0.000584030250724	0.00254208508109	0.00250866128236	0.0036078063047	0.00401193626572	0.0010374689675	0.00104655966686	0.000181705397433	0.0001793044998	
0.000565706784585	0.000558707145813	0.00245628996602	0.00242370264395	0.00364169676423	0.00404613515731	0.00103436253	0.0010428537678	0.000175822570646	0.000173463736906	
0.000540266499494	0.000533243122144	0.00236175440676	0.00233016520568	0.00365803848667	0.00406048264168	0.00103227340243	0.00104014336892	0.000169886265132	0.000167573560369	
0.000517966525519	0.000510844691042	0.0022805619716	0.00224983306597	0.00368134200747	0.0040822079414	0.00103101184429	0.00103824059903	0.000163290664005	0.000161037741866	
0.00049379406132	0.000486557837572	0.00220012259565	0.0021702789779	0.00370839893719	0.00410770520173	0.00102388382	0.00103041402695	0.000158179994007	0.000155971773266	
0.000470893017203	0.000463473051342	0.00211169229019	0.00208287445974	0.00371630381216	0.00411158842389	0.00102099775184	0.00102683453773	0.000152534545029	0.000150381651686	
nan	0.000441461757505	0.00204249444225	0.00201446784831	0.00374313349415	0.00413599509481	0.00101567756113	0.00102079153487	0.000146758331569	0.00014466404901	
nan	0.000417496794528	0.00196749000733	0.00194035830904	0.0037617885672	0.00415091070478	0.00100460554564	0.00100895689118	0.000141920353822	0.000139876118413	
nan	0.000395558324422	0.00189059283109	0.00186440406073	0.00376227652774	0.00414534256142	0.00100041265936	0.00100402671643	0.000136597332142	0.000134612210592	
nan	0.00037281702742	0.00182679807272	0.00180138966517	0.00378921168002	0.00416844437605	0.000990873764135	0.000993725255471	0.000131582969415	0.00012965476354	
nan	0.00034778242271	0.00175713711355	0.00173260713125	0.00379772983753	0.00417078626465	0.000978593988887	0.000980679532879	0.000127036216273	0.000125159746641	
nan	0.000324520738811	0.00169117839114	0.00166748993646	0.00379861453465	0.00416428241216	0.000970281531626	0.00097161726647	0.0001220456557	0.000120229430572	
nan	0.000298018404752	0.00163207057505	0.00160914037632	0.00381508528456	0.00417437677207	0.000956603517799	0.000957194739106	0.000117729739616	0.000115965032755	
nan	0.000267872739714	0.00156755395589	0.00154546921252	0.00381164876093	0.00416220522698	0.000943259402908	0.000943125161697	0.000113475880561	0.000111763348245	
nan	0.000232822566725	0.0015113830695	0.00149003605052	0.00381185201716	0.00415356701889	0.000931039666273	0.000930201375541	0.00010881462435	0.000107161269746	
nan	0.000179504803572	0.00145675211367	0.00143612946563	0.0038160148095	0.00414878389962	0.000913571534443	0.000912061560618	0.000105126886618	0.000103518687644	
nan	0.000250906655465	0.00139711604875	0.00137729615852	0.00379888715079	0.00412045566872	0.000899479898121	0.000897324801391	0.000101159031338	9.96008074144e-05	
nan	0.000200074736346	0.0013496412997	0.00133045810995	0.00379729904157	0.00410861719926	0.000883816979912	0.00088105391213	9.70783874279e-05	9.55724969839e-05	
nan	0.000184667575191	0.00129923330226	0.0012807339634	0.00378749980368	0.0040875354695	0.000863141862033	0.00085982661446	9.36835785484e-05	9.22197368669e-05	
nan	0.000173022890579	0.00124713001263	0.00122934357719	0.00375602461478	0.00404281704449	0.000848751741802	0.000844900713691	8.99857908045e-05	8.85690788737e-05	
nan	0.000162969860093	0.00120438573103	0.0011871828734	0.00375090549371	0.00402625087375	0.000830303333886	0.000825975044961	8.64598935736e-05	8.50876603205e-05	
nan	0.000153302401588	0.00115792540005	0.00114136271056	0.00372594939871	0.00398819869592	0.00080959435254	0.000804845492024	8.32929461482e-05	8.24016342106e-05	
nan	0.00014567195293	0.00111344130031	0.00109749360749	0.00369027230577	0.00393861876878	0.000792992086963	0.000787842772319	7.98446431659e-05	7.89389306191e-05	
nan	0.000138080329644	0.00107409780286	0.00105869403712	0.00367000784947	0.00390547393939	0.000772518461503	0.000767036996275	7.68009344832e-05	7.5882582259e-05	
nan	0.000130670460713	0.00103130362233	0.00101649544366	0.00362942793822	0.00385076572178	0.00075248548279	0.000746713724678	7.38389931007e-05	7.29122661285e-05	
nan	0.000124390586866	0.000993533442086	0.000979250546064	0.00358947237703	0.00379689378109	0.000734271100337	0.000728237431097	7.0614492139e-05	6.96871937223e-05	
nan	0.000117846175054	0.000957337550966	0.00094355874873	0.00355403644392	0.00374801573939	0.000712539775306	0.000706315180323	6.79802498244e-05	6.70483787929e-05	
nan	0.000111614395641	0.000917931365056	0.000904704086605	0.00349829149436	0.00367803653006	0.000693682083663	0.00068728227839	6.51955647681e-05	6.42638256196e-05	
nan	0.000105837778299	0.000886054704691	0.000873271382003	0.00345461460799	0.00362113887309	0.000674560103343	0.000668025187714	6.23008154263e-05	6.13730533713e-05	
nan	9.96307784942e-05	0.000852758798276	0.000840440536071	0.00340494892687	0.00355838363168	0.000652268620152	0.000645666612864	5.98641997236e-05	5.8935074568e-05	
nan	9.37599599485e-05	0.000817984685352	0.000806153341209	0.00333547719368	0.0034754712088	0.0006349719365	0.000628286872228	5.72212303684e-05	5.62944988629e-05	
nan	8.76096200697e-05	0.000789748586562	0.00077830984303	0.00328925938206	0.00341735337172	0.000615549682814	0.000608835143723	5.46424374486e-05	5.37171124873e-05	
nan	8.03779402639e-05	0.000759114429409	0.000748103040028	0.00322721038386	0.00334335676469	0.00059475189029	0.00058805353928	5.22943458964e-05	5.13654872978e-05	
nan	7.13256743557e-05	0.000729420223133	0.000718822468422	0.00315532822685	0.00325983787789	0.000577796490643	0.000571098629367	4.97436209785e-05	4.88128239613e-05	
nan	0.000179573862852	0.000703454616062	0.000693216002111	0.00309917775462	0.00319323181274	0.000558556024501	0.000551910272027	nan	4.64458614963e-05	
nan	0.000213514500041	0.000675255018102	0.000665407582823	0.00302726388731	0.00311104861391	0.000539867702835	0.000533291233166	nan	4.41033715794e-05	
nan	0.000240466909407	0.000650001008489	0.000640951005077	0.00295599317222	0.00303022960046	0.000523211603563	0.000516700810497	nan	4.15454159066e-05	
nan	0.000261561289579	0.000626103970897	0.000617324303395	0.00289156439553	0.00295709970509	0.000504507988773	0.000498107735817	nan	3.92315629225e-05	
nan	0.000279878006535	0.000600123078523	0.000591648750411	0.00281263379134	0.00286981853833	0.000487991857398	0.000481692148621	nan	3.67394285271e-05	
nan	0.000297391186618	0.000578732868463	0.000570503737238	0.00274399897891	0.00279371246467	0.000471911433169	0.000465722264237	nan	3.40166400197e-05	
nan	0.000312354611165	0.000556711510277	0.00054874007723	0.002674052179	0.00271689691284	0.000453986125708	0.000447946183543	nan	3.13275944144e-05	
nan	0.000327522765537	0.000533457864849	0.00052576479636	0.00259093324376	0.00262732734429	0.000439611236839	0.000433686161511	nan	2.81487547841e-05	
nan	0.000342254303001	0.000514695978398	0.000507218551077	0.00252669532473	0.00255749252577	0.000424285876768	0.000418499700344	nan	2.42676627618e-05	
nan	0.000354890370866	0.000494364740391	0.000487126908611	0.00245380560072	0.0024794385462	0.000408088033075	0.000402463085998	nan	1.85072671792e-05	
nan	0.000369617178423	0.000474385501538	0.00046738284709	0.00237460124811	0.00239553598002	0.000394956427199	0.000389459557044	nan	1.69856325447e-05	
0.00037540045513	0.000383166166313	0.000457031772859	0.000450225379491	0.00231052983978	0.00232738482344	0.000380489590274	0.000375147369448	nan	1.43387887929e-05	
0.000387561952529	0.000395302107071	0.000438209400277	0.000431620306965	0.00223688857972	0.00225003780452	0.000366413179797	0.000361227429846	nan	1.3342561773e-05	
0.000402232568925	0.00041002873141	0.000421042377905	0.000414644293364	0.00216474601125	0.00217462181908	0.000354068597844	0.000349021137542	nan	1.24834571111e-05	
0.000415175189343	0.000423018725895	0.000404925408785	0.000398699983151	0.00210063569664	0.00210765474566	0.000340507496534	0.000335621298477	nan	1.18220731228e-05	
0.000427988716409	0.000435898437433	0.000387429911974	0.000381395408759	0.00202796403982	0.0020324484533	0.000328390725002	0.00032365008733	nan	1.12158950019e-05	
0.000442521594668	0.000450546377029	0.000372640330987	0.000366750718714	0.00196348563009	0.00196577663435	0.000316857825159	0.000312258640616	nan	1.06295658908e-05	
0.00045514883414	0.000463268547983	0.000357580470736	0.000351834795961	0.00190072460374	0.00190111029318	0.000304210046788	0.000299772398483	nan	1.0167567701e-05	
0.000469185178776	0.000477437415725	0.000341503992328	0.000335912783733	0.00183027536482	0.00182902098964	0.000293876358968	0.000289569890813	nan	9.69931434078e-06	
0.000483808156035	0.000492213463483	0.000328382590295	0.000322889921313	0.00177363819933	0.00177097263388	0.000283149688113	0.000278983061576	nan	9.25579394741e-06	
0.000496275857053	0.000504805950875	0.000314177690833	0.000308792057922	0.00171319519956	0.00170933290856	0.000271790027623	0.000267775193323	nan	8.88001081378e-06	
0.0005120034202	0.00052072216084	0.000299948163211	0.000294658965457	0.00164882468279	0.00164396953179	0.000262665683049	0.000258771880997	nan	8.48786979246e-06	
0.000526838423655	0.000535737112735	0.000287401052278	0.00028216436583	0.00159686136028	0.00159114806629	0.000252720048195	0.000248961378851	nan	8.13636004985e-06	
0.000539894813235	0.000548949493706	0.0002737961659	0.000268613431885	0.00153935543373	0.00153295434851	0.000242965375859	0.000239340730072	nan	7.81467599323e-06	
0.000557061406987	0.000566346157288	0.000260922432155	0.000255757713095	0.00148309304342	0.00147613732285	0.00023452177214	0.000231013050672	nan	7.47344389906e-06	
0.000572166357809	0.000581651184481	nan	0.000243433404624	0.00143389907015	0.00142647609998	0.000225319723872	0.000221939531579	nan	7.18914775324e-06	
0.000587082055493	0.000596767927224	nan	0.000230005961978	0.00137967751819	0.00137192075323	0.000216994339353	0.000213730620041	nan	6.90617979088e-06	
0.000604852271501	0.000614789765887	nan	0.000217702683706	0.00133102548041	0.00132300003429	0.00020919409882	0.00020603985343	nan	6.60732804247e-06	
0.000620239680539	0.000630392742292	nan	0.000204871211194	0.0012848255785	0.00127660010968	0.000200691159975	0.000197657765287	nan	6.37107566355e-06	
0.00063739473507	0.000647795131254	nan	0.000190740200936	0.00123403593274	0.00122571534886	0.000193629931025	0.000190696239211	nan	6.1181709801e-06	
0.000655799022725	0.000666469537794	nan	0.000177437948952	0.00119239187945	0.00118398077929	0.000186430900299	0.000183599496028	nan	5.86798007501e-06	
0.00067144434276	0.000682342319794	nan	0.000162158071025	0.0011492556164	0.00114082150134	0.000178747215755	0.00017602589031	nan	5.65591645346e-06	
0.000691243577535	0.00070243841639	nan	0.000144506847667	0.00110335936936	0.001094974561	0.000172628911036	0.000169994142643	nan	5.42763923344e-06	
0.000710284879001	0.000721765976922	nan	0.000123064593826	0.00106661944032	0.00105825932962	0.000165986698827	0.000163446681898	nan	5.21783624457e-06	
0.000726686325231	0.000738412633873	nan	8.60630305733e-05	0.00102651040454	0.00101824015577	0.00015940004921	0.000156954083367	nan	5.02598051361e-06	
0.000749015850948	0.000761084418205	nan	9.47558972305e-05	0.000987011780238	0.000978861601	0.000153756815785	0.000151390470413	nan	4.81861065466e-06	
0.000768671414527	0.000781040342384	nan	7.48798594054e-05	0.000952927999778	0.000944883319164	0.000147626323872	0.000145347066121	nan	4.64287688155e-06	
0.000787757313731	0.000800418586523	nan	6.93985954034e-05	0.000915740685835	0.000907854068212	0.000141999860415	0.000139799820158	nan	4.46839194684e-06	
0.000811088961683	0.000824111798268	nan	6.51691087726e-05	0.000881970784261	0.00087423617602	0.000136790174546	0.000134867885513	nan	4.27990345968e-06	
0.000831310022827	0.000844645353626	nan	6.14532381995e-05	0.000850426962587	0.000842844724241	0.000131126369543	0.000129256809603	nan	4.13248319634e-06	
0.00085351393485	0.000867194385623	nan	5.78432834137e-05	0.000816013270376	0.000808626658315	0.000126334413261	0.00012450789135	nan	3.97321635776e-06	
0.000877839486591	0.000891899753275	nan	5.49892566128e-05	0.000787331616643	0.000780103998868	0.000121516576704	0.000119735643298	nan	3.81283946816e-06	
0.000898549407869	0.000912932225961	nan	5.21240743861e-05	0.000758181327877	0.000751129791224	0.00011632536058	0.000114597389091	nan	3.67820760989e-06	
0.000924359168491	0.000939146751542	nan	4.93237287542e-05	0.000726957843929	0.000720113176131	0.000112201033664	0.000110511615033	nan	3.53243799056e-06	
0.000949649389393	0.000964833910277	nan	4.69319398298e-05	0.00070217400707	0.000695485177253	0.000107732854373	0.000106088159385	nan	3.3963300752e-06	
0.000970995643737	0.000986514523103	nan	4.44300444465e-05	0.000675254164052	0.00066874939892	0.000103242700371	0.00010164385132	nan	3.27307061528e-06	
0.00100070836373	0.00101669708413	nan	4.20423913963e-05	0.00064846832468	0.000642153325233	9.9403419914e-05	9.78407124439e-05	nan	3.13936229503e-06	
0.00102691039723	0.00104331193937	nan	3.98050809706e-05	0.000625592208187	0.000619434477936	9.52411273454e-05	9.37196684888e-05	nan	3.0242277072e-06	
0.00105186927953	0.00106866413982	nan	3.73850144269e-05	0.000600731676564	0.00059475523898	9.13442471663e-05	8.98595606479e-05	nan	2.91113251305e-06	
0.00108299487925	0.00110028019335	nan	3.50624812681e-05	0.000577838628542	0.00057202760313	8.77456578788e-05	8.62922047522e-05	nan	2.78824421117e-06	
0.00111002874427	0.00112774099023	nan	3.25551641014e-05	0.000556710974389	0.000551050169769	8.38415433108e-05	8.24233712226e-05	nan	2.69121171803e-06	
0.00113915388917	0.00115732669233	nan	2.94194357792e-05	0.000533735454836	0.000528245566861	8.0430850124e-05	7.90381509156e-05	nan	2.5872140697e-06	
0.00117166690258	0.00119035452053	nan	7.48779090459e-05	0.00051423249014	0.000508878888925	7.70210399773e-05	7.565168276e-05	nan	2.48104736221e-06	
0.00119942075628	0.00121854748848	nan	0.000112845100751	0.000494690923556	0.00048947407717	7.3318390945e-05	7.19750432809e-05	nan	2.39257013031e-06	
0.00123334279858	0.00125300720446	nan	0.000128822661694	0.000473570009954	0.000468506291512	7.02786646311e-05	6.89457028498e-05	nan	2.29669697652e-06	
0.00126719857608	0.00128739976303	nan	0.000142154837853	0.000456846191705	0.000451887313259	6.69889256354e-05	6.56663730264e-05	nan	2.20575987742e-06	
0.00129552343391	0.00131617340598	nan	0.000152969179463	0.00043872502976	0.000433883822404	nan	6.22914164327e-05	nan	2.12402931423e-06	
0.00133496200412	0.00135623807552	nan	0.000162635395409	0.000420460790869	0.000415736150805	nan	5.92723198561e-05	nan	2.03536000998e-06	
0.00137008610227	0.00139191965333	nan	0.000172053490666	0.000404899033739	0.00040025672377	nan	5.59781161144e-05	nan	1.95744184725e-06	
0.00140289480066	0.00142524909921	nan	0.000180142440889	0.000388025910256	0.000383736854763	nan	5.27064597136e-05	nan	1.88159326893e-06	
0.00144456603046	0.00146758244503	nan	0.000188480410465	0.000372186290507	0.000367937984276	nan	4.94876627218e-05	nan	1.7992122302e-06	
0.0014808502741	0.00150444312697	nan	0.000196603493366	0.000357612510412	0.000353387021787	nan	4.58992599109e-05	nan	1.73222793526e-06	
0.00151917464142	0.0015433766058	nan	0.000203569331278	0.000341800094275	0.00033760690159	nan	4.22642498063e-05	nan	1.66134511167e-06	
0.00156274117467	0.0015876359222	0.000207449399557	0.000211809864434	0.000327957922162	0.000323765417035	nan	3.81734613141e-05	nan	1.58792732084e-06	
0.00160003718297	0.00162552499489	0.000215014559163	0.000219366689154	0.000314169891718	0.000309966596131	nan	3.30698942507e-05	nan	1.52612364862e-06	
0.00164470583568	0.00167090434077	0.000221824050423	0.00022617246036	0.000299197687634	0.000294986525673	nan	2.60255936446e-05	nan	1.45911204012e-06	
0.00169010690132	0.00171702794246	0.000230056598785	0.000234444766944	0.000286898321058	0.000282624035584	nan	2.23460652352e-05	nan	1.39391216745e-06	
0.0017282184339	0.00175574608933	0.000237313143168	0.000241734881632	0.000273632519584	0.000269285635483	nan	1.88900371269e-05	nan	1.33443636873e-06	
0.00178017840659	0.00180853346041	0.000244549199929	0.000249014823748	nan	0.000255533890194	nan	1.75824094468e-05	nan	1.26968949892e-06	
0.0018273168678	0.00185642270957	0.000252740358834	0.000257275963522	nan	0.000243288130515	nan	1.64635886315e-05	nan	1.2097830179e-06	
0.00187049227058	0.00190028597685	0.000259848343536	0.000264441844044	nan	0.000229935838039	nan	1.55204259226e-05	nan	1.15011423993e-06	
0.0019263245653	0.00195700792251	0.000267814490286	0.000272487423988	nan	0.00021667630878	nan	1.47364998612e-05	nan	1.08424504756e-06	
0.00197505949793	0.00200651963829	0.000276078081834	0.000280840886833	nan	0.000203705811751	nan	1.39672114458e-05	nan	1.02365826459e-06	
0.00202551874355	0.00205778330942	0.000283113068097	0.000287949275972	nan	0.000189284082115	nan	1.33137685086e-05	nan	9.55547146961e-07	
0.00208392001522	0.00211711566258	0.000292065066843	0.000297011467858	nan	0.000174763619278	nan	1.27111343328e-05	nan	8.73914630664e-07	
0.00213405792973	0.00216805315968	0.000300461770439	0.000305512325999	nan	0.000158616616103	nan	1.20908469186e-05	nan	7.48475398933e-07	
0.00219289238164	0.00222782584417	0.000307895429699	0.000313037110912	nan	0.000138826183013	nan	1.15917360676e-05	nan	1.51753919346e-05	
0.00225378459649	0.00228968914634	0.000317630206601	0.000322904118211	nan	0.000113085509304	nan	1.10860320013e-05	nan	1.75849010115e-05	
0.00230506905951	0.00234179168335	0.000326187515292	0.000331576387475	nan	3.95303609033e-05	nan	1.05750913898e-05	nan	1.95382077875e-05	
0.00237352524215	0.00241133953279	0.000334693469229	0.000340198596303	nan	0.0	nan	1.01556855651e-05	nan	2.10946517457e-05	
0.0024367819292	0.00247560502681	0.000344776290863	0.000350425431092	nan	0.0	nan	9.71227633279e-06	nan	2.25227615232e-05	
0.0024935943844	0.00253332357423	0.000353497440516	0.000359269905636	nan	0.0	nan	9.28844492582e-06	nan	2.3851353993e-05	
0.0025683818842	0.00260930346211	0.000363288842608	0.000369203592282	nan	0.0	nan	8.91421602945e-06	nan	2.49806562448e-05	
0.00263381764385	0.00267578249706	0.000373733737847	0.000379802672258	nan	0.0	nan	8.51447649697e-06	nan	2.62051417872e-05	
0.00270022989696	0.0027432534497	0.000382601638269	0.000388800325283	nan	0.0	nan	8.15567505448e-06	nan	2.73320185296e-05	
0.0027784776306	0.00282274828267	0.000393906288682	0.000400275246154	nan	0.0	nan	7.81299283722e-06	nan	2.83238159113e-05	
0.00284583568267	0.0028911797312	0.000404711912449	0.000411243952873	nan	0.0	nan	7.44432643962e-06	nan	2.94971662393e-05	
0.0029232755218	0.00296985340369	0.000414077706313	0.000420750444059	nan	0.0	nan	7.13342391046e-06	2.99233342752e-05	3.05342067611e-05	
0.00300487440319	0.00305275214577	0.000426757532076	0.000433625104691	nan	0.0	nan	6.81104771482e-06	3.09270301557e-05	3.1537606958e-05	
0.0030738118969	0.0031227875185	0.000437907747893	0.000444946167556	nan	0.0	nan	6.47195945806e-06	3.20596579884e-05	3.26747907439e-05	
0.0031639019906	0.00321431227825	0.000448804904593	0.000456010709814	nan	0.0	nan	6.18145010609e-06	3.30479569367e-05	3.3666747566e-05	
0.00324867288579	0.00330043281051	0.000462047339192	0.000469458702899	nan	0.0	nan	5.86517754888e-06	3.411487152e-05	3.47403648176e-05	
0.0033233171443	0.00337626510716	0.000473510624551	0.000481099471598	nan	0.0	nan	5.54477706034e-06	3.52353655407e-05	3.58698093401e-05	
0.0034233220563	0.00347786182273	0.000486181528476	0.00049396764357	nan	0.0	nan	5.23921413184e-06	3.61958764223e-05	3.68374895315e-05	
0.00351099901079	0.00356693388966	0.000499976692798	0.000507978446588	nan	0.0	nan	4.89294962116e-06	3.73703749374e-05	3.80238786156e-05	
0.0035982090941	0.00365553138354	0.000511704643638	0.00051988929425	nan	0.0	nan	4.52125040286e-06	3.84951585261e-05	3.91604443255e-05	
0.00370277194485	0.00376175778956	0.000526419676017	0.000534835306358	nan	0.0	nan	4.02994497992e-06	3.94691087884e-05	4.01442688036e-05	
0.0037929817122	0.00385340217805	0.000540743640375	0.000549384255348	nan	0.0	nan	2.4180228454e-05	4.07579441981e-05	4.14489501171e-05	
0.00389456572475	0.00395660173208	0.000552906406856	0.000561737724196	nan	0.0	nan	2.80039979083e-05	4.18954726909e-05	4.26002491444e-05	
0.00400348011629	0.00406724812405	0.000569729612427	0.000578826285509	nan	0.0	nan	3.13868964334e-05	4.29967077281e-05	4.37151014989e-05	
0.0040957174255	0.00416095151621	0.000584541816158	0.000593871915745	nan	0.0	nan	3.40360846415e-05	4.43246532778e-05	4.50608378762e-05	
0.00421368518383	0.00428079490916	0.000598735502358	0.000608289333271	nan	0.000105312085033	nan	3.65790894778e-05	4.54784308304e-05	4.62298516284e-05	
0.00432661638411	0.00439552121524	0.000616316428784	0.000626148189106	nan	0.00012280195403	nan	3.87460574007e-05	4.67370581612e-05	4.75057567238e-05	
0.00442403376255	0.00449448636809	0.000631556183664	0.000641628656809	nan	0.000136391933525	nan	4.07153472251e-05	4.81081808599e-05	4.88962686326e-05	
0.00455676509032	0.00462932753908	0.000648071569171	0.000658405222889	nan	0.000147573382002	nan	4.27621916424e-05	4.92780964043e-05	5.00825174919e-05	
0.00467321101419	0.00474762367135	0.000666373067919	0.000676996483883	nan	0.000157986761285	nan	4.45427100152e-05	5.07250834845e-05	5.1550574276e-05	
0.00478661154169	0.00486282564962	0.000681955070217	0.000692824988565	nan	0.000166797792017	nan	4.63596530636e-05	5.2140791784e-05	5.29870232194e-05	
0.00492478725595	0.00500319697811	0.000701109044317	0.000712282483956	nan	0.000175383421189	nan	4.82142509024e-05	5.33385048324e-05	5.42023657174e-05	
0.00504402862832	0.00512433219976	0.000720068146647	0.000731542069465	nan	0.000183746133713	4.8807070893e-05	4.98140945617e-05	5.49921202955e-05	5.58806344288e-05	
0.0051753717095	0.00525776152355	0.000735876993566	0.000747601270158	nan	0.000190917813071	5.06558515127e-05	5.16648042744e-05	5.64515058228e-05	5.73619141469e-05	
0.00531833666587	0.00540299740726	0.000758006492105	0.000770081881354	nan	0.000198930215468	5.2420941608e-05	5.34341841671e-05	5.78411510942e-05	5.87724515202e-05	
0.00543937547196	0.00552595780452	0.000777526144896	0.000789911113817	nan	0.000206414426255	5.39452397239e-05	5.49615306873e-05	5.95674030445e-05	6.05251194196e-05	
0.00559058806703	0.00567957200557	0.000795827791401	0.000808502984284	0.000208663034019	0.000212932384629	5.58887463536e-05	5.69187108806e-05	6.10673170223e-05	6.20479026508e-05	
0.00573732330947	0.00582863723979	0.000818858136864	0.000831898903517	0.000216609183961	0.000220892225374	5.76092307359e-05	5.86509449637e-05	6.26810084891e-05	6.3686377255e-05	
0.00586088121394	0.00595415597225	0.000838796433674	0.000852153561097	0.000223599550088	0.000227893971742	5.92514470993e-05	6.03054350134e-05	6.44788848595e-05	6.55120640613e-05	
0.00603157341721	0.00612755879632	0.000859917358988	0.000873609708971	0.000230280388334	0.000234594309751	6.12033205042e-05	6.22766809589e-05	6.60138390295e-05	6.70706836397e-05	
0.00618056607678	0.00627891640835	0.000883649551658	0.000897718724786	0.000237940514905	0.000242303557484	6.29049493743e-05	6.39946422191e-05	6.78865747768e-05	6.89725540693e-05	
0.0063219617186	0.00642255582218	0.000903806350472	0.000918195441265	0.000244564706731	0.000248967254003	6.47249457509e-05	6.58342182754e-05	6.97536013139e-05	7.0868674929e-05	
0.00649610716624	0.00659946579269	0.000927986448572	0.000942759528845	0.000251623875463	0.000256081857919	6.67033778978e-05	6.78359415732e-05	7.13175640295e-05	7.24572719318e-05	
0.00664519298177	0.00675091706548	0.0009521908746	0.000967348344428	0.000259064771523	0.000263591626253	6.83967903715e-05	6.95486967397e-05	7.3486162932e-05	7.465953875e-05	
0.00680483316936	0.00691309032735	0.00097229243012	0.000987768993647	0.000265357738706	0.000269939293101	7.04456277629e-05	7.16236417432e-05	7.54176431682e-05	7.66212706029e-05	
0.00697962788683	0.0070906588332	0.000999682454612	0.0010155941391	0.000272913584622	0.000277576720477	7.24581248064e-05	7.36622922567e-05	7.72209737455e-05	7.84528433361e-05	
0.00712582234878	0.00723917177454	0.0010240201475	0.0010403183777	0.00028009696289	0.000284839574607	7.41469279795e-05	7.53724851072e-05	7.95071217491e-05	8.07749647235e-05	
0.00730276334706	0.00741892002327	0.0010461779987	0.00106282809277	0.000286111908358	0.000290918152304	7.64683635384e-05	7.77262921225e-05	8.14957135371e-05	8.27948105559e-05	
0.00747417880647	0.00759305445316	0.00107428046684	0.00109137704372	0.000294061481582	0.000298967228717	7.85143235786e-05	7.98005343364e-05	8.35941284868e-05	8.49262550868e-05	
0.00761380965026	0.00773492147078	0.00109827130171	0.00111574893562	0.000300864734645	0.000305853738119	8.04391617562e-05	8.17520940944e-05	8.59750160054e-05	8.73446929554e-05	
0.00780464329546	0.00792875917865	0.00112286564032	0.0011407339471	0.000307192896009	0.000312259976294	8.28288201253e-05	8.41764232382e-05	8.80101672254e-05	8.9411904724e-05	
0.00796720021224	0.00809389314088	0.00115051566743	0.0011688232828	0.000314694866207	0.00031986172013	8.49002029945e-05	8.62776171951e-05	9.04442290967e-05	9.18843975395e-05	
0.00811422236476	0.00824324501581	0.00117350950264	0.00119218234716	0.000320919813775	0.00032616754882	8.70959554748e-05	8.85054952597e-05	9.2912104173e-05	9.4391254221e-05	
0.00829373956025	0.00842560826453	0.00120008467672	0.00121917975113	0.000327383539997	0.000332717971268	8.9543613109e-05	9.09896092646e-05	9.49793467424e-05	9.64911129717e-05	
0.00844047234623	0.00857466549903	0.00122639293628	0.00124590600774	0.000334150551382	0.000339578289258	9.16245806416e-05	9.31013449086e-05	9.77921265562e-05	9.93483866515e-05	
0.00858904034925	0.00872558685518	0.00124757958666	0.00126740505237	0.000339535685515	0.00034503581692	9.41204291806e-05	9.56348588329e-05	0.00010033480481	0.000101931267313	
0.00874701760141	0.00888606669884	0.00127522510451	0.00129548853612	0.000345809815089	0.000351398127518	9.66062254375e-05	9.81583387274e-05	0.000102657556169	0.000104290730433	
0.00886980892668	0.009010800982	0.0012990514043	0.00131969207563	0.000351489776842	0.000357157889379	9.8672192225e-05	0.000100255416718	0.000105650241179	0.000107330790308	
0.00900954056376	0.00915274461966	0.00131931845846	0.00134027978623	0.000355735458076	0.000361461390962	0.000101486859868	0.000103113359186	0.000108249695875	0.000109971369165	
0.00913591805542	0.00928112154402	0.00134462280413	0.00136598478889	0.000361355533067	0.000367162432839	0.000103978861768	0.000105643593213	0.000110931214783	0.000112695322532	
0.00922633287022	0.0093729639861	0.00136462966626	0.00138630811591	0.000365578783577	0.000371445111448	0.000106257623565	0.000107957298207	0.0001140168325	0.000115829802747	
0.00934415718506	0.00949265136021	0.00138354207289	0.00140551957703	0.000368961155463	0.000374874272253	0.000109128857745	0.000110873061016	0.000116647423847	0.000118502023205	
0.009429437739	0.00957927755506	0.00140383652092	0.00142613500925	0.000372812364316	0.000378780547765	0.000111580124755	0.000113362240163	0.000119718321405	0.000121621552829	
0.00949070538145	0.00964150913916	0.00141864063013	0.00144117287531	0.000375261755805	0.000381263255514	0.000114102199413	0.000115923448588	0.000122867339779	0.000124820444388	
0.00956236414679	0.00971429678864	0.00143430501423	0.00145708466654	0.000377341711686	0.00038337125618	0.000116923156011	0.000118788388128	0.00012549375465	0.000127488425337	
0.00959956672767	0.00975208067912	0.00144806664107	0.00147106346893	0.000379121315128	0.000385174675761	0.000119269017154	0.000121170725537	0.000128973244425	0.000131023040962	
0.00962420536832	0.00977710098785	0.00145646549402	0.00147959432697	0.000379605541437	0.000385662556189	0.000121989426754	0.000123933649694	0.000132141831602	0.000134241809975	
0.00964134795076	0.00979450607531	0.00146691669064	0.00149021012038	0.00038001755219	0.000386077541699	0.000124670821572	0.000126656994655	0.000134951645694	0.000137096104139	
0.00962765476091	0.00978058554205	0.00147304758236	0.00149643700877	0.000379634574428	0.000385685284897	0.000126827624583	0.000128847445325	0.000138602053775	0.000140804346753	
0.00960868837287	0.00976130811388	0.00147504943404	0.00149846930678	0.000378136632097	0.000384160680164	0.000129654509093	0.000131718697803	0.000141727858363	0.000143979647406	
0.00957173369384	0.00972375670239	0.00147794276798	0.00150140725614	0.000376711210498	0.000382710099007	0.000132081188008	0.000134183415516	0.000144847396642	0.000147148580908	
0.00950913422241	0.00966015329561	0.00147603554904	0.00149946845554	0.000374286604869	0.000380244733015	0.000134155499486	0.000136290198678	0.000148440794087	0.000150798897534	
0.00944519465611	0.00959518866962	0.00147165218089	0.00149501422069	0.000371130255806	0.000377036257167	0.000136731866417	0.000138907062421	0.000151439081213	0.000153844646705	
0.0093597191803	0.00950834625703	0.00146607571655	0.0014893479774	0.000367777069797	0.00037362083032	0.000138768704761	0.000140975847039	0.000154810109376	0.000157269055876	
0.00925702376793	0.0094040106849	0.00145650118204	0.00147962023084	0.000363605358431	0.000369381162045	0.000140703568505	0.000142941066199	0.000158230830931	0.000160743942789	
0.00914968995963	0.0092949632514	0.00144554611433	0.00146849007314	0.00035900570539	0.000364706954553	0.000142769384348	0.000145039347469	0.000160992590377	0.00016354939821	
0.00902482050803	0.00916810199201	0.0014324202332	0.00145515468286	0.000354056416703	0.000359677737574	0.000144276321464	0.000146569889719	0.000164498623788	0.000167110945677	
0.00889009803994	0.00903123157501	0.00141621010123	0.0014386861294	0.000348532343217	0.000354064770034	0.000145879284512	0.000148198008306	0.000167597990182	0.000170259362793	
0.00874830160908	0.00888717515158	0.00139930779519	0.00142151445653	0.000342785584966	0.000348225726236	0.000147280133487	0.000149620821656	0.000170159763126	0.000172861647878	
0.00859467900945	0.00873110512854	0.00138009704695	0.00140199774643	0.000336697137237	0.000342039698064	0.000148135311038	0.000150489311809	0.000173444684394	0.000176198559252	
0.00843619415739	0.00857009601349	0.00135882351371	0.00138038555742	0.000330240471442	0.000335479723863	0.00014920648017	0.000151577244639	0.000176048527914	0.000178843575467	
0.00827129328125	0.00840256934237	0.00133703298196	0.00135824820528	0.000323699848162	0.000328834562886	0.000149830996296	0.000152211444575	0.000178435606704	0.000181268384114	
0.00809932720372	0.00822786568448	0.00131341673861	0.00133425621051	0.000316900019388	0.000321926176659	0.000150041164299	0.000152424729914	0.000181071174866	0.000183945622996	
0.00792586274177	0.00805164023311	0.00128871387693	0.00130916039433	0.000309922594368	0.000314837460208	0.0001503363411	0.000152724389684	0.000182999295553	0.000185904181425	
0.00774798229847	0.00787092905737	0.00126339903612	0.00128344292584	0.000302906768355	0.000307709808178	0.000150143208942	0.000152527997943	0.000184969815435	0.000187905811659	
0.00756707835281	0.00768714678924	0.00123699947162	0.00125662355999	0.000295759397716	0.00030044859273	0.000149702486004	0.000152080096377	0.000186758301691	0.000189722515794	
0.00738623778407	0.00750342925727	0.0012101664526	0.00122936389816	0.000288572624363	0.000293147410531	0.000149136055849	0.000151504503674	0.000187854467011	0.000190835909496	
0.00720358320557	0.00731786929763	0.00118289380851	0.00120165767123	0.000281385749354	0.000285846180017	0.000148162969707	0.000150515808772	0.000189157387389	0.000192159340534	
0.00702090232143	0.00713228301045	0.00115510842015	0.00117343060039	0.000274175166495	0.000278520915793	0.000147052471066	0.000149387530635	0.000189956662916	0.000192971132111	
0.00683917719798	0.00694766799738	0.00112732007815	0.00114520056282	0.000267012897264	0.000271244776505	0.000145718009535	0.000148031743966	0.000190178299509	0.000193196119954	
0.00665790671172	0.00676351520592	0.0010993492794	0.00111678520808	0.000259895792407	0.000264014558948	0.000144069828858	0.000146357267123	0.000190556810762	0.000193580471515	
0.00647847262749	0.00658122832344	0.00107129292601	0.00108828297615	0.000252828608701	0.000256835091726	0.000142353231039	0.000144613296613	0.000190314851632	0.00019333450869	
0.00630093726908	0.00640087063707	0.00104348851614	0.00106003671789	0.000245863336174	0.000249759185496	0.000140399643908	0.000142628583459	0.000189719337184	0.000192729384227	
0.00612535646996	0.00622249887311	0.00101575855678	0.00103186612599	0.000238982022104	0.000242768600059	0.000138237630523	0.000140432144041	0.00018900216334	0.000192000671475	
0.00595271534723	0.00604711375996	0.000988263013553	0.00100393370355	0.000232200660055	0.000235879579674	0.000136021441954	0.000138180677862	0.000187768125056	0.000190746897314	
0.00578273075989	0.00587442766026	0.000961123061964	0.000976362547885	0.000225546287659	0.00022911958779	0.000133619511476	0.000135740529326	0.000186331905257	0.000189287739045	
0.00561567277536	0.00570471591236	0.000934286403059	0.000949099531265	0.000219006613929	0.000222476136269	0.000131107911249	0.000133188977949	0.000184639059187	0.000187567886425	
0.00545205651031	0.00553849880102	0.000907872953286	0.0009222664719	0.00021259693905	0.000215964765399	0.000128533017717	0.000130573136007	0.000182547591668	0.00018544309377	
0.00529165540338	0.00537554915103	0.000881905477953	0.000895886496075	0.000206325192906	0.000209593528471	0.000125847746723	0.000127845171736	0.000180350868358	0.000183211381784	
0.00513472727677	0.00521612785798	0.000856381481635	0.000869957068966	0.000200187554666	0.000203358541996	0.000123118896384	0.000125072943232	0.000177872524609	0.000180693586755	
0.00498143458246	0.00506039994787	0.000831383409588	0.000844561942785	0.000194193973372	0.000197269910547	0.000120344659166	0.000122254613981	0.00017512026929	0.000177897752703	
0.0048316745292	0.00490826100731	0.000806893501463	0.00081968307529	0.000188343743478	0.000191326915398	0.000117518227127	0.000119383267751	0.00017230617545	0.000175038683854	
0.00468561406312	0.00475988055492	0.000782924635463	0.000795333569066	0.000182635872849	0.000185528546774	0.00011469179219	0.000116511924522	0.000169259852606	0.000171943919455	
0.00454323477385	0.00461523995158	0.000759527131705	0.000771564479703	0.000177076027013	0.000179880558095	0.000111846378524	0.000113621307041	0.00016606639298	0.00016869969217	
0.00440449112321	0.00447429329709	0.000736671709641	0.000748346123441	0.000171659977936	0.000174378652616	0.0001089924644	0.000110722059636	0.000162801682933	0.000165383090182	
0.00426946380147	0.00433712131912	0.000714375587158	0.000725695969839	0.000166387438171	0.000169022536723	0.000106163882629	0.000107848551754	0.000159397077853	0.000161924381479	
0.00413806234055	0.00420363335554	0.000692651950377	0.000703627413008	0.000161260137382	0.000163813965989	0.000103342849769	0.00010498271751	0.00015593238532	0.000158404639979	
0.00401025906318	0.00407380114138	0.000671484546496	0.000682123941668	0.000156273525976	0.000158748317446	0.000100545779604	0.000102141230919	0.000152415897446	0.000154832287801	
0.00388604808486	0.00394761778703	0.000650881661969	0.000661193972563	0.000151427003258	0.00015382497974	9.77847007647e-05	9.93363112394e-05	0.000148833375907	0.000151192861729	
0.00376534033657	0.00382499375438	0.000630838306358	0.000640832434979	0.000146719056422	0.000149042415133	9.50544578574e-05	9.65627210487e-05	0.000145248024243	0.00014755056797	
0.00364809451147	0.00370588692771	0.000611343463828	0.000621028137413	0.000142146164211	0.000144397045819	9.23673342824e-05	9.38329384368e-05	0.000141642208032	0.000143887491169	
0.00353426017598	0.0035902454402	0.00059239818178	0.000601782142663	0.000137706794877	0.000139887315184	8.97254693051e-05	9.11491363886e-05	0.000138025920885	0.000140213851454	
0.0034237498117	0.00347798108399	0.000573989681527	0.000583081468282	0.000133398010559	0.0001355102384	8.71287080971e-05	8.85111574136e-05	0.00013443980858	0.000136570737013	
0.00331651119646	0.00336904046775	0.000556108292191	0.000564916294925	0.000129216679032	0.000131262633353	8.45854882573e-05	8.59275727888e-05	0.000130865630429	0.00013293981911	
0.0032124692291	0.00326334728711	0.000538749808004	0.000547282331008	0.000125160662041	0.000127142327771	8.20938989918e-05	8.33964411987e-05	0.000127320709034	0.00012933862845	
0.00311154411902	0.00316082068654	0.000521898978526	0.000530164101097	0.000121226510343	0.000123145817747	7.96553119891e-05	8.09191575209e-05	0.000123822960077	0.000125785363458	
0.00301366911708	0.00306139261517	0.000505546540156	0.000513552187644	0.000117411263593	0.000119270096105	7.7274869122e-05	7.85009401983e-05	0.000120364390673	0.000122271904948	
0.00291876522704	0.00296498283967	0.000489683293125	0.000497437243828	0.000113712382224	0.000115512583174	7.49518804556e-05	7.61387132567e-05	0.000116959826279	0.000118813313603	
0.00282675631292	0.00287151420803	0.000474295461862	0.000481805274649	0.00011012640941	0.000111869767555	7.26834690294e-05	7.38343080703e-05	0.000113613556564	0.000115413945974	
0.00273756815507	0.00278091096506	0.000459372988423	0.000466646061637	0.000106650516922	0.000108338776422	7.04732722312e-05	7.15890439079e-05	0.000110324511756	0.000112072715611	
0.00265112364281	0.00269309507129	0.000444904300498	0.000451947847926	0.000103281835733	0.000104916695524	6.83196613194e-05	6.94012660525e-05	0.00010710440653	0.000108800036673	
0.00256734916221	0.00260799184647	0.000430876882009	0.000437697918039	0.000100017229655	0.000101600339218	6.62234919262e-05	6.72718434982e-05	0.000103948823725	0.000105594390118	
0.00248616965039	0.00252552454614	0.00041728018566	0.000423885556486	9.68539141445e-05	9.83868790664e-05	6.41842313866e-05	6.52002349577e-05	0.000100860837213	0.000102457436262	
0.00240751179295	0.00244561917372	0.00040410203495	0.000410498392745	9.37889854051e-05	9.52733654754e-05	6.22007736782e-05	6.31853167212e-05	9.78455133036e-05	9.93942619077e-05	
0.0023313038292	0.00236820257547	0.000391330782007	0.000397524595137	9.08195523095e-05	9.22568617012e-05	6.02732328475e-05	6.1227204464e-05	9.49007391668e-05	9.64027797018e-05	
0.00225747429104	0.002293202164	0.000378955774502	0.000384953336364	8.79429329376e-05	8.93346434956e-05	5.84002942228e-05	5.93245625267e-05	9.20280663084e-05	9.34845601338e-05	
0.00218595417101	0.00222054794577	0.00036696516672	0.000372772587256	8.51563328855e-05	8.65038723211e-05	5.65809807924e-05	5.74763987339e-05	8.92290809543e-05	9.06411718863e-05	
0.00211667432087	0.00215016976652	0.000355348060149	0.000360971273991	8.24570771922e-05	8.37618310221e-05	5.48148745703e-05	5.56822869134e-05	8.65019399206e-05	8.78707845037e-05	
0.00204956896366	0.00208200013975	0.000344093910298	0.000349538684115	7.98426180245e-05	8.11059312715e-05	5.31004100041e-05	5.39406379756e-05	8.38474749914e-05	8.51742290384e-05	
0.00198457240506	0.00201597335974	0.000333191700378	0.000338463625435	7.73103419434e-05	7.85335185061e-05	5.1436654458e-05	5.22505039021e-05	8.12652292115e-05	8.25510405443e-05	
0.00192162098402	0.00195202367648	0.000322631201423	0.000327735706139	7.48577793973e-05	7.60420840204e-05	4.98226659792e-05	5.06109276763e-05	7.87537182305e-05	7.99997194223e-05	
0.00186065254116	0.00189008873875	0.000312402244608	0.000317344595453	7.24825221408e-05	7.3629181438e-05	4.82570466668e-05	4.90204891293e-05	7.63128950404e-05	7.75201933858e-05	
0.00180160648928	0.00183010684514	0.000302494730102	0.000307280032815	7.01821772212e-05	7.12923799015e-05	4.67387750758e-05	4.74781505092e-05	7.39413486185e-05	7.51110529532e-05	
0.00174442355891	0.0017720177738	0.000292899083906	0.000297532291817	6.79544606953e-05	6.90293592742e-05	4.52666703461e-05	4.59827121279e-05	7.16378633114e-05	7.27710609304e-05	
0.00168904727816	0.00171576380657	0.000283605752407	0.000288091666753	6.57971309574e-05	6.6837842414e-05	4.38394612209e-05	4.45328824797e-05	6.94014579017e-05	7.04992030342e-05	
0.00163542139684	0.00166128781619	0.000274605471648	0.000278948746784	6.37080002619e-05	6.47156068823e-05	4.24560757005e-05	4.3127572473e-05	6.7230636475e-05	6.82939766155e-05	
0.00158349086996	0.001608534763	0.000265889326606	0.000270094473497	6.16849652366e-05	6.26605159407e-05	4.11152728981e-05	4.17655214588e-05	6.51241055173e-05	6.6154066041e-05	
0.00153320438463	0.00155745119267	0.000257448497319	0.000261519888049	5.97259606494e-05	6.06704715874e-05	3.98158681075e-05	4.04455260025e-05	6.30804447576e-05	6.40780160205e-05	
0.00148451031387	0.0015079849477	0.000249274483919	0.000253216355209	5.78289878226e-05	5.87434434452e-05	3.85567808653e-05	3.91664880205e-05	6.10981385555e-05	6.2064302304e-05	
0.00143735731932	0.00146008563711	0.000241359039125	0.000245175495427	5.59921158785e-05	5.68774699217e-05	3.73368021008e-05	3.7927179607e-05	5.91758024793e-05	6.01115072696e-05	
0.00139169953765	0.00141370409572	0.000233694084398	0.000237389102731	5.4213454809e-05	5.50706310638e-05	3.61548250093e-05	3.67264762034e-05	5.73118735687e-05	5.82180443448e-05	
0.0013474883264	0.0013687928468	0.000226271829544	0.000229849262794	5.2491180469e-05	5.33210737393e-05	3.50097759421e-05	3.55632870683e-05	5.55048761126e-05	5.63824220137e-05	
0.00130467930325	0.00132530566418	0.000219084696577	0.000222548276463	5.08235244901e-05	5.16270014945e-05	3.39005345391e-05	3.44364740176e-05	5.37533019022e-05	5.46031001262e-05	
0.00126322799322	0.001283197751	0.000212125305783	0.000215478647559	4.92087643914e-05	4.99866644905e-05	3.28260603441e-05	3.33449800385e-05	5.20556633377e-05	5.28785683351e-05	
0.00122309175938	0.00124242577623	0.000205386532786	0.000208633137532	4.76452365999e-05	4.83983727284e-05	3.17853182681e-05	3.22877535725e-05	5.04105058303e-05	5.12073543678e-05	
0.00118422905317	0.00120294754521	0.00019886144251	0.000202004701651	4.61313259129e-05	4.68604853467e-05	3.07772810289e-05	3.12637509975e-05	4.88163161608e-05	4.95879152741e-05	
0.0011465997531	0.00116472229816	0.00019254331161	0.000195586509477	4.46654650451e-05	4.53714101609e-05	2.98009746898e-05	3.02719828844e-05	4.72716872482e-05	4.80188236619e-05	
0.00111016431622	0.00112771044525	0.0001864256285	0.000189371945576	4.32461383022e-05	4.39296073963e-05	2.88554269556e-05	2.93114614731e-05	4.57751976327e-05	4.64986351586e-05	
0.00107488676529	0.0010918736708	0.00018050207256	0.000183354589327	4.18718739345e-05	4.253358192e-05	2.79396951461e-05	2.83812291324e-05	4.43254165153e-05	4.50258963568e-05	
0.00104072877182	0.00105717480686	0.000174766520066	0.000177528219458	4.05412466091e-05	4.11818857589e-05	2.7052873242e-05	2.74803653161e-05	4.29210137506e-05	4.35992560653e-05	
0.00100765547147	0.00102357784801	0.000169213033865	0.00017188680423	3.92528764223e-05	3.98731170668e-05	2.61940627674e-05	2.66079573805e-05	4.15606231528e-05	4.22173261267e-05	
0.000975632552297	0.000991047929362	0.000163835860638	0.000166424499119	3.80054247125e-05	3.86059159311e-05	2.53623991005e-05	2.57631269461e-05	4.02429262874e-05	4.08787680754e-05	
0.000944624741518	0.000959551245205	0.000158629426458	0.000161135641472	3.67975956273e-05	3.73789659089e-05	2.45570438728e-05	2.49450222309e-05	3.89666647266e-05	3.95823011373e-05	
0.000914605798228	0.000929055074094	0.000153588327404	0.000156014741444	3.56281339877e-05	3.61909918652e-05	2.37771743655e-05	2.4152807522e-05	3.77305627974e-05	3.83266315858e-05	
0.000885536662179	0.000899527687573	0.000148707331012	0.000151056483552	3.44958231701e-05	3.50407578602e-05	2.30219982269e-05	2.33856778448e-05	3.65334076289e-05	3.71105271453e-05	
0.000857391083304	0.000870938387499	0.000143981365786	0.00014625571569	3.3399485468e-05	3.39270674726e-05	2.22907445533e-05	2.26428500416e-05	3.53740104328e-05	3.59327784604e-05	
0.00083014674999	0.000843257409773	0.000139405520016	0.000141607447774	3.23379799823e-05	3.28487616774e-05	2.15826623054e-05	2.1923561137e-05	3.42512078694e-05	3.47922057546e-05	
0.000803761101927	0.000816455952416	0.000134975036411	0.000137106847423	3.13102014572e-05	3.18047176631e-05	2.0897026909e-05	2.12270750419e-05	3.31638771385e-05	3.36876668868e-05	
0.000778210599198	0.00079050609858	0.000130685304949	0.000132749230968	3.03150799035e-05	3.07938484349e-05	2.02331325119e-05	2.05526746867e-05	3.21109161923e-05	3.26180425213e-05	
0.000753483221718	0.000765380829365	0.000126531862399	0.000128530064469	2.93515787908e-05	2.98151010049e-05	1.95902950347e-05	1.98996651342e-05	3.1091264135e-05	3.15822558926e-05	
0.000729532168477	0.000741053964692	0.000122510385606	0.000124444956029	2.84186943643e-05	2.88674556736e-05	1.89678522813e-05	1.92673736321e-05	3.01038808418e-05	3.05792492798e-05	
0.000706342309812	0.000717500163735	0.000118616686473	0.000120489651024	2.75154546729e-05	2.79499250458e-05	1.83651608552e-05	1.86551465964e-05	2.91477608859e-05	2.96080019438e-05	
0.000683889471059	0.000694694875317	0.000114846710703	0.000116660030757	2.66409184054e-05	2.70615528648e-05	1.77815977254e-05	1.80623510957e-05	2.82219301938e-05	2.86675235606e-05	
0.000662155823183	0.000672614335543	0.000111196530711	0.000112952105251	2.579417408e-05	2.62014131717e-05	1.72165590509e-05	1.74883736726e-05	2.7325436753e-05	2.77568478126e-05	
0.000641110070032	0.000651235522733	0.000107662343176	0.000109362010881	2.49743390406e-05	2.536860929e-05	1.66694592012e-05	1.69326194189e-05	2.64573634864e-05	2.68750427161e-05	
0.000620730541471	0.000630536152148	0.000104240465935	0.000105886006629	2.41805585915e-05	2.45622729545e-05	1.61397311722e-05	1.63945123231e-05	2.56168156515e-05	2.60211990886e-05	
0.000601006357365	0.000610494639273	0.000100927331886	0.000102520469194	2.34120051334e-05	2.37815634216e-05	1.56268252223e-05	1.58734938971e-05	2.48029292524e-05	2.51944397694e-05	
0.00058189907224	0.00059109008718	9.77194876856e-05	9.92618903793e-05	2.26678772626e-05	2.30256665607e-05	1.51302087891e-05	1.53690231483e-05	2.40148635916e-05	2.43939102132e-05	
0.000563403943469	0.000572302259849	9.46135896611e-05	9.61068728024e-05	2.19473990138e-05	2.22937940905e-05	1.46493660561e-05	1.48805760344e-05	2.32518051258e-05	2.36187842781e-05	
0.000545487440901	0.000554111562658	9.16063988288e-05	9.30521269547e-05	2.12498190111e-05	2.15851827009e-05	1.41837972124e-05	1.4407644833e-05	2.25129650559e-05	2.2868260305e-05	
0.000528149548434	0.000536499024353	8.8694780537e-05	9.00944674241e-05	2.05744097184e-05	2.08990933088e-05	1.37330181723e-05	1.39497377758e-05	2.17975784166e-05	2.2141561524e-05	
0.000511362697007	0.00051944627298	8.587569707e-05	8.72308097245e-05	1.99204667014e-05	2.02348102957e-05	1.32965599665e-05	1.35063784374e-05	2.11049043398e-05	2.14379350675e-05	
0.000495109378725	0.000502935521923	8.31462101234e-05	8.44581674756e-05	1.92873078479e-05	1.95916407195e-05	1.28739684638e-05	1.30771054824e-05	2.04342241026e-05	2.0756650989e-05	
0.000479356498756	0.000486949547759	8.05034726094e-05	8.17736486768e-05	1.86742727238e-05	1.89689136659e-05	1.24648038026e-05	1.26614720669e-05	1.97848424103e-05	2.00970027636e-05	
0.000464136062992	0.000471471673897	7.79447280002e-05	7.91744533088e-05	1.80807218551e-05	1.83659795094e-05	1.20686398646e-05	1.22590453097e-05	1.91560844693e-05	1.94583050636e-05	
0.000449368626301	0.000456485754393	7.54673067831e-05	7.66578701357e-05	1.75060360595e-05	1.77822092402e-05	1.16850641445e-05	1.18694061592e-05	1.85472976756e-05	1.88398947333e-05	
0.000435085681032	0.000441976154399	7.30686259137e-05	7.42212740017e-05	1.6949615834e-05	1.72169938442e-05	1.13136770333e-05	1.14921486641e-05	1.79578487244e-05	1.8241128636e-05	
0.000421242517494	0.000427927736393	7.07461832527e-05	7.18621230841e-05	1.64108807044e-05	1.66697436317e-05	1.09540915609e-05	1.11268797142e-05	1.73871251187e-05	1.76613843834e-05	
0.000407853524681	0.000414325844081	6.84975544496e-05	6.95779562247e-05	1.58892686368e-05	1.61398876482e-05	1.06059330777e-05	1.0773218715e-05	1.68345327978e-05	1.7100058608e-05	
0.000394903381216	0.000401156285716	6.63203962356e-05	6.73663905056e-05	1.53842354471e-05	1.56268730806e-05	1.02688386667e-05	1.04307969913e-05	1.62994970319e-05	1.65565673519e-05	
0.000382325805367	0.000388405321056	6.42124353383e-05	6.52251185955e-05	1.48952542353e-05	1.51301646693e-05	9.94245696294e-06	1.00992576045e-05	1.57814606406e-05	1.60303446935e-05	
0.000370198666429	0.000376059646561	6.21714741791e-05	6.31519065139e-05	1.44218148522e-05	1.46492441652e-05	9.62644773768e-06	9.77825492514e-06	1.52798844128e-05	1.55208427766e-05	
0.000358383789734	0.000364106380787	6.01953823568e-05	6.11445911898e-05	1.39634233437e-05	1.41836097812e-05	9.32048149189e-06	9.46745423017e-06	1.47942458412e-05	1.50275308873e-05	
0.000346992702164	0.000352533051731	5.82820993048e-05	5.92010783101e-05	1.35196014563e-05	1.37327756765e-05	9.02423921213e-06	9.16653144563e-06	1.43240391084e-05	1.45498951093e-05	
0.000335986291608	0.000341327583761	5.64296262009e-05	5.7319340065e-05	1.30898861265e-05	1.32962714456e-05	8.73741197635e-06	8.87517274703e-06	1.38687742748e-05	1.40874378055e-05	
0.000325263296531	0.000330478285039	5.46360336887e-05	5.5497413092e-05	1.26738290097e-05	1.28736416301e-05	8.45970066421e-06	8.59307427255e-06	1.34279769109e-05	1.36396769468e-05	
0.000314903725732	0.000319973834921	5.28994491026e-05	5.37333963913e-05	1.22709960113e-05	1.2464445248e-05	8.19081564484e-06	8.31994179577e-06	1.30011876437e-05	1.32061459368e-05	
0.000304894623631	0.000309803272698	5.12180617782e-05	5.20254493797e-05	1.18809668242e-05	1.20682553266e-05	7.93047647161e-06	8.05549042308e-06	1.25879615292e-05	1.2786392751e-05	
0.000295163927592	0.000299955985983	4.9590113867e-05	5.03717899503e-05	1.15033344914e-05	1.16846584645e-05	7.67841161001e-06	7.79944431484e-06	1.2187867862e-05	1.23799798237e-05	
0.000285782244441	0.00029042169974	4.80139103961e-05	4.87706926337e-05	1.11377050104e-05	1.13132543975e-05	7.43435812618e-06	7.55153636662e-06	1.18004894382e-05	1.19864833863e-05	
0.00027669875341	0.000281190465239	4.64878066903e-05	4.72204867841e-05	1.07836968773e-05	1.09536555817e-05	7.19806144652e-06	7.31150796937e-06	1.14254223567e-05	1.16054930903e-05	
0.00026790397682	0.00027225265007	4.50102082542e-05	4.5719554855e-05	1.04409407241e-05	1.06054867902e-05	6.9692750771e-06	7.07910871951e-06	1.10622755207e-05	1.12366116747e-05	
0.000259318954856	0.000263598927917	4.35795724744e-05	4.42663306957e-05	1.01090789184e-05	1.02683847207e-05	6.74776034678e-06	6.85409616387e-06	1.0710670186e-05	1.08794543721e-05	
0.000251076587504	0.000255220268916	4.21944127124e-05	4.28592979379e-05	9.78776519478e-06	9.94199761837e-06	6.53328616956e-06	6.6362355518e-06	1.03702396785e-05	1.05336486807e-05	
0.000243096200332	0.000247107930211	4.08532757298e-05	4.14969883947e-05	9.47666429173e-06	9.62598490693e-06	6.32562879471e-06	6.42529958555e-06	1.00406289265e-05	1.01988339301e-05	
0.000235306178635	0.000239253446731	3.95547643943e-05	4.01779805501e-05	9.17545159648e-06	9.32001683548e-06	6.12457158262e-06	6.22106819263e-06	9.72149412008e-06	9.8746608443e-06	
0.000227765820223	0.00023164862251	3.82975311146e-05	3.89008980582e-05	8.88381283425e-06	9.02377413298e-06	5.92990477082e-06	6.02332828471e-06	9.41250238878e-06	9.56079126589e-06	
0.000220407935923	0.000224285522045	3.70802532403e-05	3.76644083223e-05	8.60144369075e-06	8.73694767645e-06	5.74142526411e-06	5.83187354863e-06	9.11333141327e-06	9.25689779549e-06	
0.000213516996592	0.000217156462076	3.59016728159e-05	3.64672210969e-05	8.32804957043e-06	8.45923816764e-06	5.55893641837e-06	5.64650422251e-06	8.8236691076e-06	8.96266338701e-06	
